1179994,D8156C83A55D3C0E20160F2C7636B49F,Heart of the Mirage,"Larke, Glenda",,,English,,,0,9780732281984,,,1179000/d8156c83a55d3c0e20160f2c7636b49f.jpg,epub,586306,,,R:\\0day\\eng14\\SFFEbook 150 Remaster\\Glenda Larke\\Glenda Larke - Heart of the Mirage.epub,,,,2014-11-17 10:57:44,2017-05-07 22:21:33
1179995,A0F7B1ADDB5C7AA5A0F70F460B7519FA,Heart of the Mirage,"Larke, Glenda",,,English,,,0,9780732281984,,,1179000/a0f7b1addb5c7aa5a0f70f460b7519fa.jpg,mobi,752142,,,R:\\0day\\eng14\\SFFEbook 150 Remaster\\Glenda Larke\\Glenda Larke - Heart of the Mirage.mobi,,,,2014-11-17 10:57:44,2017-05-07 22:21:33
1179996,92DEBEDF17CD5DD9DA8B85FB3000B287,The Chalice and the Blade,"McReynolds, Glenna",Celtic Saga 1,,English,,,0,0553574302,,,1179000/92debedf17cd5dd9da8b85fb3000b287.jpg,epub,904757,,,R:\\0day\\eng14\\SFFEbook 150 Remaster\\Glenna McReynolds\\Glenna McReynolds - Celtic Saga 01 - The Chalice and the Blade.epub,,,,2014-11-17 10:57:44,2017-05-07 22:21:33
1179997,3F4BB170EDAA2BF09EC923FB530049E9,The Chalice and the Blade,"McReynolds, Glenna",Celtic Saga 1,,English,,,0,0553574302,,,1179000/3f4bb170edaa2bf09ec923fb530049e9.jpg,mobi,1133184,,,R:\\0day\\eng14\\SFFEbook 150 Remaster\\Glenna McReynolds\\Glenna McReynolds - Celtic Saga 01 - The Chalice and the Blade.mobi,,,,2014-11-17 10:57:44,2017-05-07 22:21:33
1179998,C2511598CB38657A3F7AF78F1388F93D,Prince of Time,"McReynolds, Glenna",Celtic Saga 3,,English,,,0,0553574329,,,1179000/c2511598cb38657a3f7af78f1388f93d.jpg,epub,875157,,,R:\\0day\\eng14\\SFFEbook 150 Remaster\\Glenna McReynolds\\Glenna McReynolds - Celtic Saga 03 - Prince of Time.epub,,,,2014-11-17 10:57:44,2017-05-07 22:21:33
1179999,114E52629383170B57763198AE3EAB2C,Prince of Time,"McReynolds, Glenna",Celtic Saga 3,,English,,,0,0553574329,,,1179000/114e52629383170b57763198ae3eab2c.jpg,mobi,1040677,,,R:\\0day\\eng14\\SFFEbook 150 Remaster\\Glenna McReynolds\\Glenna McReynolds - Celtic Saga 03 - Prince of Time.mobi,,,,2014-11-17 10:57:44,2017-05-07 22:21:33
1180000,FD1F960FAB37079EF3AB415AB8BDB043,River of Eden,"McReynolds, Glenna",,,English,,,0,055358393X,,,1180000/fd1f960fab37079ef3ab415ab8bdb043.jpg,epub,487247,,,R:\\0day\\eng14\\SFFEbook 150 Remaster\\Glenna McReynolds\\Glenna McReynolds - River of Eden.epub,,,,2014-11-17 10:57:44,2017-05-07 22:21:33
1180001,40F057F7D35D929D0129EC0A55D4E9CD,River of Eden,"McReynolds, Glenna",,,English,,,0,055358393X,,,1180000/40f057f7d35d929d0129ec0a55d4e9cd.jpg,mobi,559841,,,R:\\0day\\eng14\\SFFEbook 150 Remaster\\Glenna McReynolds\\Glenna McReynolds - River of Eden.mobi,,,,2014-11-17 10:57:44,2017-05-07 22:21:33
1180002,688A771D25708B98F705BEFD2911F1E7,Cross-Eyed Dragon Troubles,"Oliver, Gloria",,,English,,,0,,,,1180000/688a771d25708b98f705befd2911f1e7.jpg,epub,289176,,,R:\\0day\\eng14\\SFFEbook 150 Remaster\\Gloria Oliver\\Gloria Oliver - Cross-Eyed Dragon Troubles.epub,,,,2014-11-17 10:57:44,2017-05-07 22:21:33
1180003,3AA2D81EED6B1D3B8EF6165F67ECDF84,Cross-Eyed Dragon Troubles,"Oliver, Gloria",,,English,,,0,,,,,mobi,433973,,,R:\\0day\\eng14\\SFFEbook 150 Remaster\\Gloria Oliver\\Gloria Oliver - Cross-Eyed Dragon Troubles.mobi,,,,2014-11-17 10:57:44,2017-05-07 22:21:33
1180004,236AA36883D730C3FC096A4D7CDF0CF7,In Service of Samurai,"Oliver, Gloria",,,English,,,0,1894869672,,,1180000/236aa36883d730c3fc096a4d7cdf0cf7.jpg,epub,282519,,,R:\\0day\\eng14\\SFFEbook 150 Remaster\\Gloria Oliver\\Gloria Oliver - In Service of Samurai.epub,,,,2014-11-17 10:57:44,2017-05-07 22:21:33
1180005,A5B943DE17FE0BADFF41C5675A666CC6,In Service of Samurai,"Oliver, Gloria",,,English,,,0,1894869672,,,,mobi,390295,,,R:\\0day\\eng14\\SFFEbook 150 Remaster\\Gloria Oliver\\Gloria Oliver - In Service of Samurai.mobi,,,,2014-11-17 10:57:44,2017-05-07 22:21:33
1180006,A15518F5BF3A187964307943DEE60BD1,King of Ithaca,"Iliffe, Glynn",Adventures of Odysseus 1,,English,2009,Macmillan Publishers UK,0,"9780230744493,9780230744486,9780230744509",,,1180000/a15518f5bf3a187964307943dee60bd1.jpg,mobi,646999,,,R:\\0day\\eng14\\SFFEbook 150 Remaster\\Glynn Iliffe\\Glynn Iliffe - Adventures of Odysseus 01 - King of Ithaca.mobi,,,,2014-11-17 10:57:44,2017-05-07 22:21:33
1180007,4D3D250728DA8EE6308D3D91CA4C479A,Three Parts Dead,"James, Glynn; Fuchs, Michael Stephen",Arisen 3,,English,2013,Glynn James & Michael Stephen Fuchs,0,,,,1180000/4d3d250728da8ee6308d3d91ca4c479a.jpg,epub,595103,,,R:\\0day\\eng14\\SFFEbook 150 Remaster\\Glynn James & Michael Stephen Fuchs\\Glynn James & Michael Stephen Fuchs - Arisen 03 - Three Parts Dead.epub,,,,2014-11-17 10:57:44,2017-05-07 22:21:33
1180008,1060FA4CD9AE6E1E5F473ADAE34B6E59,Exodus,"James, Glynn; Fuchs, Michael Stephen",Arisen 5,,English,2013,Glynn James & Michael Stephen Fuchs,0,,,,1180000/1060fa4cd9ae6e1e5f473adae34b6e59.jpg,epub,747240,,,R:\\0day\\eng14\\SFFEbook 150 Remaster\\Glynn James & Michael Stephen Fuchs\\Glynn James & Michael Stephen Fuchs - Arisen 05 - Exodus.epub,,,,2014-11-17 10:57:44,2017-05-07 22:21:33
1180009,5770A01B6EF8FE236C9C71B754870E81,Exodus,"James, Glynn; Fuchs, Michael Stephen",Arisen 5,,English,2013,Glynn James & Michael Stephen Fuchs,0,,,,1180000/5770a01b6ef8fe236c9c71b754870e81.jpg,mobi,1504556,,,R:\\0day\\eng14\\SFFEbook 150 Remaster\\Glynn James & Michael Stephen Fuchs\\Glynn James & Michael Stephen Fuchs - Arisen 05 - Exodus.mobi,,,,2014-11-17 10:57:44,2017-05-07 22:21:33
1180010,ECAA0AA2E558CDA2F0963946976F2C7D,If the Stars Are Gods,"Eklund, Gordon",,,English,,,0,,,,1180000/ecaa0aa2e558cda2f0963946976f2c7d.jpg,epub,64352,,,R:\\0day\\eng14\\SFFEbook 150 Remaster\\Gordon Eklund\\Gordon Eklund - If the Stars Are Gods.epub,,,,2014-11-17 10:57:44,2017-05-07 22:21:33
1180011,2E273DC0146043EFBDA917500BD4A097,If the Stars Are Gods,"Eklund, Gordon",,,English,,,0,,,,1180000/2e273dc0146043efbda917500bd4a097.jpg,mobi,106265,,,R:\\0day\\eng14\\SFFEbook 150 Remaster\\Gordon Eklund\\Gordon Eklund - If the Stars Are Gods.mobi,,,,2014-11-17 10:57:44,2017-05-07 22:21:33
1180012,6F26A955544B781637B39296DD9F3B42,Communion,"Gross, Gordon",,,English,,,0,,,,1180000/6f26a955544b781637b39296dd9f3b42.jpg,epub,34862,,,R:\\0day\\eng14\\SFFEbook 150 Remaster\\Gordon Gross\\Gordon Gross - Communion.epub,,,,2014-11-17 10:57:44,2017-05-07 22:21:33
1180013,901C3699906433F29A1B477CB42E61ED,Communion,"Gross, Gordon",,,English,,,0,,,,,mobi,57542,,,R:\\0day\\eng14\\SFFEbook 150 Remaster\\Gordon Gross\\Gordon Gross - Communion.mobi,,,,2014-11-17 10:57:44,2017-05-07 22:21:33
1180014,A0B63415A417D9E713A6EADD52AF0604,Little House on the Accretion Disk,"Gross, Gordon",,,English,,,0,,,,1180000/a0b63415a417d9e713a6eadd52af0604.jpg,epub,8537,,,R:\\0day\\eng14\\SFFEbook 150 Remaster\\Gordon Gross\\Gordon Gross - Little House on the Accretion Disk.epub,,,,2014-11-17 10:57:44,2017-05-07 22:21:33
1180015,67E9F41B0A123BB1736F1820F8237D8C,Little House on the Accretion Disk,"Gross, Gordon",,,English,,,0,,,,,mobi,17738,,,R:\\0day\\eng14\\SFFEbook 150 Remaster\\Gordon Gross\\Gordon Gross - Little House on the Accretion Disk.mobi,,,,2014-11-17 10:57:44,2017-05-07 22:21:33
1180016,FA1A5C919301893F4E9B572B57270948,Lifeship,"Dickson, Gordon R; Harrision, Harry",,,English,,,0,,,,1180000/fa1a5c919301893f4e9b572b57270948.jpg,epub,225639,,,R:\\0day\\eng14\\SFFEbook 150 Remaster\\Gordon R. Dickson & Harry Harrision\\Gordon R. Dickson & Harry Harrision - Lifeship.epub,,,,2014-11-17 10:57:44,2017-05-07 22:21:33
1180017,AB3AAE50FCFB2458C820A2DAECC6AB15,Lifeship,"Dickson, Gordon R; Harrision, Harry",,,English,,,0,,,,1180000/ab3aae50fcfb2458c820a2daecc6ab15.jpg,mobi,329322,,,R:\\0day\\eng14\\SFFEbook 150 Remaster\\Gordon R. Dickson & Harry Harrision\\Gordon R. Dickson & Harry Harrision - Lifeship.mobi,,,,2014-11-17 10:57:44,2017-05-07 22:21:33
1180018,5541372FF25E9DE095791EA440C7E4D2,Futurelove,"Dickson, Gordon R (Editor)",,,English,,,0,,,,1180000/5541372ff25e9de095791ea440c7e4d2.jpg,epub,150785,,,R:\\0day\\eng14\\SFFEbook 150 Remaster\\Gordon R. Dickson (ed)\\Gordon R. Dickson (ed) - Futurelove.epub,,,,2014-11-17 10:57:44,2017-05-07 22:21:33
1180019,78CD0B2EFC03E61EA09926DED5B2C586,Futurelove,"Dickson, Gordon R (Editor)",,,English,,,0,,,,1180000/78cd0b2efc03e61ea09926ded5b2c586.jpg,mobi,248637,,,R:\\0day\\eng14\\SFFEbook 150 Remaster\\Gordon R. Dickson (ed)\\Gordon R. Dickson (ed) - Futurelove.mobi,,,,2014-11-17 10:57:44,2017-05-07 22:21:33
1180020,D5EA24202327373BEC6302D7656B6371,Alien Art,"Dickson, Gordon R",,,English,,,0,,,,1180000/d5ea24202327373bec6302d7656b6371.jpg,epub,153867,,,R:\\0day\\eng14\\SFFEbook 150 Remaster\\Gordon R. Dickson\\Gordon R. Dickson - Alien Art.epub,,,,2014-11-17 10:57:44,2017-05-07 22:21:33
1180021,5D99FE473DB8FCC9625184167A3B44E3,Alien Art,"Dickson, Gordon R",,,English,,,0,,,,1180000/5d99fe473db8fcc9625184167a3b44e3.jpg,mobi,228130,,,R:\\0day\\eng14\\SFFEbook 150 Remaster\\Gordon R. Dickson\\Gordon R. Dickson - Alien Art.mobi,,,,2014-11-17 10:57:44,2017-05-07 22:21:33
1180022,F120216653229FDC787F2639562AF703,Brother Charlie,"Dickson, Gordon R",,,English,,,0,,,,1180000/f120216653229fdc787f2639562af703.jpg,epub,41907,,,R:\\0day\\eng14\\SFFEbook 150 Remaster\\Gordon R. Dickson\\Gordon R. Dickson - Brother Charlie.epub,,,,2014-11-17 10:57:44,2017-05-07 22:21:33
1180023,0831854B12DBACD43A5CDF1312CE3C48,Brother Charlie,"Dickson, Gordon R",,,English,,,0,,,,,mobi,54008,,,R:\\0day\\eng14\\SFFEbook 150 Remaster\\Gordon R. Dickson\\Gordon R. Dickson - Brother Charlie.mobi,,,,2014-11-17 10:57:44,2017-05-07 22:21:33
1180024,7B3CCFE43F2BC073D30F895E05354743,Act of Creation,"Dickson, Gordon R",Childe Cycle ,,English,,,0,,,,1180000/7b3ccfe43f2bc073d30f895e05354743.jpg,epub,15748,,,R:\\0day\\eng14\\SFFEbook 150 Remaster\\Gordon R. Dickson\\Gordon R. Dickson - Childe Cycle 00 - Act of Creation.epub,,,,2014-11-17 10:57:44,2017-05-07 22:21:33
1180025,84EB48997094D0B3EE48BAB7D0D2AFE5,Act of Creation,"Dickson, Gordon R",Childe Cycle ,,English,,,0,,,,,mobi,24648,,,R:\\0day\\eng14\\SFFEbook 150 Remaster\\Gordon R. Dickson\\Gordon R. Dickson - Childe Cycle 00 - Act of Creation.mobi,,,,2014-11-17 10:57:44,2017-05-07 22:21:33
1180026,CF256D7F3D91186C69C5ED2E8851F84C,Necromancer,"Dickson, Gordon R",Childe Cycle 2,,English,,,0,0441568521,,,1180000/cf256d7f3d91186c69c5ed2e8851f84c.jpg,epub,153641,,,R:\\0day\\eng14\\SFFEbook 150 Remaster\\Gordon R. Dickson\\Gordon R. Dickson - Childe Cycle 02 - Necromancer.epub,,,,2014-11-17 10:57:44,2017-05-07 22:21:33
1180027,9FF19CEF39392D2BC6B92EC443A5EA1E,Necromancer,"Dickson, Gordon R",Childe Cycle 2,,English,,,0,0441568521,,,1180000/9ff19cef39392d2bc6b92ec443a5ea1e.jpg,mobi,240365,,,R:\\0day\\eng14\\SFFEbook 150 Remaster\\Gordon R. Dickson\\Gordon R. Dickson - Childe Cycle 02 - Necromancer.mobi,,,,2014-11-17 10:57:44,2017-05-07 22:21:33
1180028,3A11EC74A8D3CC54E235B5611B0263CC,"Soldier, Ask Not","Dickson, Gordon R",Childe Cycle 3,,English,,,0,0812504003,,,1180000/3a11ec74a8d3cc54e235b5611b0263cc.jpg,epub,231850,,,"R:\\0day\\eng14\\SFFEbook 150 Remaster\\Gordon R. Dickson\\Gordon R. Dickson - Childe Cycle 03 - Soldier, Ask Not.epub",,,,2014-11-17 10:57:44,2017-05-07 22:21:33
1180029,FC71F27894CF958BB2D01F43DF44979F,"Soldier, Ask Not","Dickson, Gordon R",Childe Cycle 3,,English,,,0,0812504003,,,1180000/fc71f27894cf958bb2d01f43df44979f.jpg,mobi,326467,,,"R:\\0day\\eng14\\SFFEbook 150 Remaster\\Gordon R. Dickson\\Gordon R. Dickson - Childe Cycle 03 - Soldier, Ask Not.mobi",,,,2014-11-17 10:57:44,2017-05-07 22:21:33
1180030,ECF4B8D3EC38C3531DCCB7B7805E4FF2,Tactics of Mistake,"Dickson, Gordon R",Childe Cycle 4,,English,,,0,,,,1180000/ecf4b8d3ec38c3531dccb7b7805e4ff2.jpg,epub,263110,,,R:\\0day\\eng14\\SFFEbook 150 Remaster\\Gordon R. Dickson\\Gordon R. Dickson - Childe Cycle 04 - Tactics of Mistake.epub,,,,2014-11-17 10:57:44,2017-05-07 22:21:33
1180031,9DB1988BA205B74C8BFDD0E40300BA0C,Tactics of Mistake,"Dickson, Gordon R",Childe Cycle 4,,English,,,0,,,,1180000/9db1988ba205b74c8bfdd0e40300ba0c.jpg,mobi,369726,,,R:\\0day\\eng14\\SFFEbook 150 Remaster\\Gordon R. Dickson\\Gordon R. Dickson - Childe Cycle 04 - Tactics of Mistake.mobi,,,,2014-11-17 10:57:44,2017-05-07 22:21:33
1180032,FC86762F7559DF8EDE5B7C5CFA0322B1,The Spirit of Dorsai,"Dickson, Gordon R",Childe Cycle 5,,English,,,0,,,,1180000/fc86762f7559df8ede5b7c5cfa0322b1.jpg,epub,161377,,,R:\\0day\\eng14\\SFFEbook 150 Remaster\\Gordon R. Dickson\\Gordon R. Dickson - Childe Cycle 05 - The Spirit of Dorsai.epub,,,,2014-11-17 10:57:44,2017-05-07 22:21:33
1180033,A51670865F5540AA510132AB0AD395E3,The Spirit of Dorsai,"Dickson, Gordon R",Childe Cycle 5,,English,,,0,,,,1180000/a51670865f5540aa510132ab0ad395e3.jpg,mobi,259254,,,R:\\0day\\eng14\\SFFEbook 150 Remaster\\Gordon R. Dickson\\Gordon R. Dickson - Childe Cycle 05 - The Spirit of Dorsai.mobi,,,,2014-11-17 10:57:44,2017-05-07 22:21:33
1180034,9965F99552CBA753E9F2353ADB216B9C,Lost Dorsai,"Dickson, Gordon R",Childe Cycle 6,,English,,,0,,,,1180000/9965f99552cba753e9f2353adb216b9c.jpg,epub,171573,,,R:\\0day\\eng14\\SFFEbook 150 Remaster\\Gordon R. Dickson\\Gordon R. Dickson - Childe Cycle 06 - Lost Dorsai.epub,,,,2014-11-17 10:57:44,2017-05-07 22:21:33
1180035,335F1A4F9EF085440BA5159A766418B8,Lost Dorsai,"Dickson, Gordon R",Childe Cycle 6,,English,,,0,,,,1180000/335f1a4f9ef085440ba5159a766418b8.jpg,mobi,259997,,,R:\\0day\\eng14\\SFFEbook 150 Remaster\\Gordon R. Dickson\\Gordon R. Dickson - Childe Cycle 06 - Lost Dorsai.mobi,,,,2014-11-17 10:57:44,2017-05-07 22:21:33
1180036,4185276B858E40D72A8C27B8C3D14F04,The Final Encyclopedia,"Dickson, Gordon R",Childe Cycle 7,,English,,,0,0441237770,,,1180000/4185276b858e40d72a8c27b8c3d14f04.jpg,epub,864319,,,R:\\0day\\eng14\\SFFEbook 150 Remaster\\Gordon R. Dickson\\Gordon R. Dickson - Childe Cycle 07 - The Final Encyclopedia.epub,,,,2014-11-17 10:57:44,2017-05-07 22:21:33
1180037,278EC5E202B38B0B23AB6932AD9E77B9,The Final Encyclopedia,"Dickson, Gordon R",Childe Cycle 7,,English,,,0,0441237770,,,1180000/278ec5e202b38b0b23ab6932ad9e77b9.jpg,mobi,1151474,,,R:\\0day\\eng14\\SFFEbook 150 Remaster\\Gordon R. Dickson\\Gordon R. Dickson - Childe Cycle 07 - The Final Encyclopedia.mobi,,,,2014-11-17 10:57:44,2017-05-07 22:21:33
1180038,FC16AFE846AF2AFEBF12D319078FD058,Other,"Dickson, Gordon R",Childe Cycle 10,,English,,,0,0812515994,,,1180000/fc16afe846af2afebf12d319078fd058.jpg,epub,488348,,,R:\\0day\\eng14\\SFFEbook 150 Remaster\\Gordon R. Dickson\\Gordon R. Dickson - Childe Cycle 10 - Other.epub,,,,2014-11-17 10:57:44,2017-05-07 22:21:33
1180039,DD2F464C17851F31DE7A5B0AD8BDFF4B,Other,"Dickson, Gordon R",Childe Cycle 10,,English,,,0,0812515994,,,1180000/dd2f464c17851f31de7a5b0ad8bdff4b.jpg,mobi,704951,,,R:\\0day\\eng14\\SFFEbook 150 Remaster\\Gordon R. Dickson\\Gordon R. Dickson - Childe Cycle 10 - Other.mobi,,,,2014-11-17 10:57:44,2017-05-07 22:21:33
1180040,233CFED9EBDEC0B68F113BE19990FFCC,Computers Don't Argue,"Dickson, Gordon R",,,English,,,0,,,,1180000/233cfed9ebdec0b68f113be19990ffcc.jpg,epub,11977,,,R:\\0day\\eng14\\SFFEbook 150 Remaster\\Gordon R. Dickson\\Gordon R. Dickson - Computers Don't Argue.epub,,,,2014-11-17 10:57:44,2017-05-07 22:21:33
1180041,EACFCD69A67230305976077C166FE278,Computers Don't Argue,"Dickson, Gordon R",,,English,,,0,,,,,mobi,23537,,,R:\\0day\\eng14\\SFFEbook 150 Remaster\\Gordon R. Dickson\\Gordon R. Dickson - Computers Don't Argue.mobi,,,,2014-11-17 10:57:44,2017-05-07 22:21:33
1180042,E5196F693000C1EEAA2424024594A156,Danger-Human,"Dickson, Gordon R",,,English,,,0,,,,1180000/e5196f693000c1eeaa2424024594a156.jpg,epub,18822,,,R:\\0day\\eng14\\SFFEbook 150 Remaster\\Gordon R. Dickson\\Gordon R. Dickson - Danger-Human.epub,,,,2014-11-17 10:57:44,2017-05-07 22:21:33
1180043,1FD13A6C2C365F86FABC7CBE7105B6D4,Danger-Human,"Dickson, Gordon R",,,English,,,0,,,,,mobi,34448,,,R:\\0day\\eng14\\SFFEbook 150 Remaster\\Gordon R. Dickson\\Gordon R. Dickson - Danger-Human.mobi,,,,2014-11-17 10:57:44,2017-05-07 22:21:33
1180044,A9B6606B22398FFCC1ED48A392D00FB0,Spacial Delivery,"Dickson, Gordon R",Dilbia 1,,English,,,0,,,,1180000/a9b6606b22398ffcc1ed48a392d00fb0.jpg,epub,156593,,,R:\\0day\\eng14\\SFFEbook 150 Remaster\\Gordon R. Dickson\\Gordon R. Dickson - Dilbia 01 - Spacial Delivery.epub,,,,2014-11-17 10:57:44,2017-05-07 22:21:33
1180045,5043DF39C3855FA1A82AD134B67C6F6E,Spacial Delivery,"Dickson, Gordon R",Dilbia 1,,English,,,0,,,,1180000/5043df39c3855fa1a82ad134b67c6f6e.jpg,mobi,226034,,,R:\\0day\\eng14\\SFFEbook 150 Remaster\\Gordon R. Dickson\\Gordon R. Dickson - Dilbia 01 - Spacial Delivery.mobi,,,,2014-11-17 10:57:44,2017-05-07 22:21:33
1180046,0736408662EB4C729624BE88553D2CB6,Dolphin's Way,"Dickson, Gordon R",,,English,,,0,,,,1180000/0736408662eb4c729624be88553d2cb6.jpg,epub,20378,,,R:\\0day\\eng14\\SFFEbook 150 Remaster\\Gordon R. Dickson\\Gordon R. Dickson - Dolphin's Way.epub,,,,2014-11-17 10:57:44,2017-05-07 22:21:33
1180047,FE3D31C4B4FF5C46304070CD994AF345,Dolphin's Way,"Dickson, Gordon R",,,English,,,0,,,,,mobi,34152,,,R:\\0day\\eng14\\SFFEbook 150 Remaster\\Gordon R. Dickson\\Gordon R. Dickson - Dolphin's Way.mobi,,,,2014-11-17 10:57:44,2017-05-07 22:21:33
1180048,C738D79DDD1258C64E7044A1E8917D5D,Enter a Pilgrim,"Dickson, Gordon R",,,English,,,0,,,,1180000/c738d79ddd1258c64e7044a1e8917d5d.jpg,epub,18151,,,R:\\0day\\eng14\\SFFEbook 150 Remaster\\Gordon R. Dickson\\Gordon R. Dickson - Enter a Pilgrim.epub,,,,2014-11-17 10:57:44,2017-05-07 22:21:33
1180049,EC5F8187F92E439932DFEEF4A9DCDF1F,Enter a Pilgrim,"Dickson, Gordon R",,,English,,,0,,,,,mobi,32960,,,R:\\0day\\eng14\\SFFEbook 150 Remaster\\Gordon R. Dickson\\Gordon R. Dickson - Enter a Pilgrim.mobi,,,,2014-11-17 10:57:44,2017-05-07 22:21:33
1180050,3A63648BDA855E60C8B041E96BFC8A71,Gordon R. Dickson's SF Best  (Short Story Collection),"Dickson, Gordon R",,,English,,,0,,,,1180000/3a63648bda855e60c8b041e96bfc8a71.jpg,epub,506654,,,R:\\0day\\eng14\\SFFEbook 150 Remaster\\Gordon R. Dickson\\Gordon R. Dickson - Gordon R. Dickson's SF Best # SSC.epub,,,,2014-11-17 10:57:44,2017-05-07 22:21:33
1180051,07FDED4007F77C87A4B6C1D5E084FF72,Gordon R. Dickson's SF Best  (Short Story Collection),"Dickson, Gordon R",,,English,,,0,,,,1180000/07fded4007f77c87a4b6c1d5e084ff72.jpg,mobi,559312,,,R:\\0day\\eng14\\SFFEbook 150 Remaster\\Gordon R. Dickson\\Gordon R. Dickson - Gordon R. Dickson's SF Best # SSC.mobi,,,,2014-11-17 10:57:44,2017-05-07 22:21:33
1180052,C3E90B8D86E187B2F2F1FC10FDBDF915,Of War and Honor,"Dickson, Gordon R",Harriers 1,,English,1991,Baen,0,0671720481,,,1180000/c3e90b8d86e187b2f2f1fc10fdbdf915.jpg,epub,334943,,,R:\\0day\\eng14\\SFFEbook 150 Remaster\\Gordon R. Dickson\\Gordon R. Dickson - Harriers 01 - Of War and Honor # various authors (v5.0).epub,version: 5.0,,,2014-11-17 10:57:44,2017-05-07 22:21:33
1180053,2DF4664BCD7174A325D7F689F6246EAC,Of War and Honor,"Dickson, Gordon R",Harriers 1,,English,1991,Baen,0,0671720481,,,1180000/2df4664bcd7174a325d7f689f6246eac.jpg,mobi,438290,,,R:\\0day\\eng14\\SFFEbook 150 Remaster\\Gordon R. Dickson\\Gordon R. Dickson - Harriers 01 - Of War and Honor # various authors (v5.0).mobi,version: 5.0,,,2014-11-17 10:57:44,2017-05-07 22:21:33
1180054,B35A50684263957933E1D0969E0AD2FE,Hilifter,"Dickson, Gordon R",,,English,,,0,,,,1180000/b35a50684263957933e1d0969e0ad2fe.jpg,epub,22470,,,R:\\0day\\eng14\\SFFEbook 150 Remaster\\Gordon R. Dickson\\Gordon R. Dickson - Hilifter.epub,,,,2014-11-17 10:57:44,2017-05-07 22:21:33
1180055,00BD6D5848BCFC2D8EEFB4EA110565C8,Hilifter,"Dickson, Gordon R",,,English,,,0,,,,,mobi,35266,,,R:\\0day\\eng14\\SFFEbook 150 Remaster\\Gordon R. Dickson\\Gordon R. Dickson - Hilifter.mobi,,,,2014-11-17 10:57:44,2017-05-07 22:21:33
1180056,3296820F4E91A0376603D4BF872CB4E9,Hour of the Horde,"Dickson, Gordon R",,,English,,,0,,,,1180000/3296820f4e91a0376603d4bf872cb4e9.jpg,epub,181887,,,R:\\0day\\eng14\\SFFEbook 150 Remaster\\Gordon R. Dickson\\Gordon R. Dickson - Hour of the Horde.epub,,,,2014-11-17 10:57:44,2017-05-07 22:21:33
1180057,B91B01CFE7B14E968951789241A53F85,Hour of the Horde,"Dickson, Gordon R",,,English,,,0,,,,1180000/b91b01cfe7b14e968951789241a53f85.jpg,mobi,261711,,,R:\\0day\\eng14\\SFFEbook 150 Remaster\\Gordon R. Dickson\\Gordon R. Dickson - Hour of the Horde.mobi,,,,2014-11-17 10:57:44,2017-05-07 22:21:33
1180058,C299988A098EBF5A51BA2DEE6C517DAC,Idiot Solvant,"Dickson, Gordon R",,,English,,,0,,,,1180000/c299988a098ebf5a51ba2dee6c517dac.jpg,epub,21792,,,R:\\0day\\eng14\\SFFEbook 150 Remaster\\Gordon R. Dickson\\Gordon R. Dickson - Idiot Solvant.epub,,,,2014-11-17 10:57:44,2017-05-07 22:21:33
1180059,ACCD42930FBE9C9BA6F9C6AC41996DD3,Idiot Solvant,"Dickson, Gordon R",,,English,,,0,,,,,mobi,34182,,,R:\\0day\\eng14\\SFFEbook 150 Remaster\\Gordon R. Dickson\\Gordon R. Dickson - Idiot Solvant.mobi,,,,2014-11-17 10:57:44,2017-05-07 22:21:33
1180060,2B8ADA2A2ED48113F0FCC8C72FF14540,In the Bone,"Dickson, Gordon R",,,English,,,0,,,,1180000/2b8ada2a2ed48113f0fcc8c72ff14540.jpg,epub,25937,,,R:\\0day\\eng14\\SFFEbook 150 Remaster\\Gordon R. Dickson\\Gordon R. Dickson - In the Bone.epub,,,,2014-11-17 10:57:44,2017-05-07 22:21:33
1180061,FE596AFFE4DC08E47A7097F834CEB71F,In the Bone,"Dickson, Gordon R",,,English,,,0,,,,,mobi,38114,,,R:\\0day\\eng14\\SFFEbook 150 Remaster\\Gordon R. Dickson\\Gordon R. Dickson - In the Bone.mobi,,,,2014-11-17 10:57:44,2017-05-07 22:21:33
1180062,EB663A994118DDB6FB5941EE54493AA7,Jean Dupres,"Dickson, Gordon R",,,English,,,0,,,,1180000/eb663a994118ddb6fb5941ee54493aa7.jpg,epub,38593,,,R:\\0day\\eng14\\SFFEbook 150 Remaster\\Gordon R. Dickson\\Gordon R. Dickson - Jean Dupres.epub,,,,2014-11-17 10:57:44,2017-05-07 22:21:33
1180063,CB1F084402C246A75AC10B5499AB44D7,Jean Dupres,"Dickson, Gordon R",,,English,,,0,,,,,mobi,61838,,,R:\\0day\\eng14\\SFFEbook 150 Remaster\\Gordon R. Dickson\\Gordon R. Dickson - Jean Dupres.mobi,,,,2014-11-17 10:57:44,2017-05-07 22:21:33
1180064,39833BEF87600A3850ED3DA884F22B8A,MX Knows Best,"Dickson, Gordon R",,,English,,,0,,,,1180000/39833bef87600a3850ed3da884f22b8a.jpg,epub,21213,,,R:\\0day\\eng14\\SFFEbook 150 Remaster\\Gordon R. Dickson\\Gordon R. Dickson - MX Knows Best.epub,,,,2014-11-17 10:57:44,2017-05-07 22:21:33
1180065,9E314F5F883AFC33BBB2DE4528E65485,MX Knows Best,"Dickson, Gordon R",,,English,,,0,,,,,mobi,37146,,,R:\\0day\\eng14\\SFFEbook 150 Remaster\\Gordon R. Dickson\\Gordon R. Dickson - MX Knows Best.mobi,,,,2014-11-17 10:57:44,2017-05-07 22:21:33
1180066,9ED71E46197CB7363990B57D973BC37E,No Shield from the Dead,"Dickson, Gordon R",,,English,,,0,,,,1180000/9ed71e46197cb7363990b57d973bc37e.jpg,epub,61179,,,R:\\0day\\eng14\\SFFEbook 150 Remaster\\Gordon R. Dickson\\Gordon R. Dickson - No Shield from the Dead.epub,,,,2014-11-17 10:57:44,2017-05-07 22:21:33
1180067,F55FAD9E108E1DE2ED5E77A4020F2F13,No Shield from the Dead,"Dickson, Gordon R",,,English,,,0,,,,1180000/f55fad9e108e1de2ed5e77a4020f2f13.jpg,mobi,101198,,,R:\\0day\\eng14\\SFFEbook 150 Remaster\\Gordon R. Dickson\\Gordon R. Dickson - No Shield from the Dead.mobi,,,,2014-11-17 10:57:44,2017-05-07 22:21:33
1180068,F502A08E8E5CB1778F264EA3C111662E,None but Man,"Dickson, Gordon R",,,English,,,0,,,,1180000/f502a08e8e5cb1778f264ea3c111662e.jpg,epub,246596,,,R:\\0day\\eng14\\SFFEbook 150 Remaster\\Gordon R. Dickson\\Gordon R. Dickson - None but Man.epub,,,,2014-11-17 10:57:44,2017-05-07 22:21:33
1180069,DE28A11F6CFBDE8196702992BEA2B899,None but Man,"Dickson, Gordon R",,,English,,,0,,,,1180000/de28a11f6cfbde8196702992bea2b899.jpg,mobi,375998,,,R:\\0day\\eng14\\SFFEbook 150 Remaster\\Gordon R. Dickson\\Gordon R. Dickson - None but Man.mobi,,,,2014-11-17 10:57:44,2017-05-07 22:21:33
1180070,5FED8A2CDDAB7546ED7281F1E346798E,Of the People,"Dickson, Gordon R",,,English,,,0,,,,1180000/5fed8a2cddab7546ed7281f1e346798e.jpg,epub,10412,,,R:\\0day\\eng14\\SFFEbook 150 Remaster\\Gordon R. Dickson\\Gordon R. Dickson - Of the People.epub,,,,2014-11-17 10:57:44,2017-05-07 22:21:33
1180071,09CECD41B2F954F70C2543F4E6632EF3,Of the People,"Dickson, Gordon R",,,English,,,0,,,,,mobi,16294,,,R:\\0day\\eng14\\SFFEbook 150 Remaster\\Gordon R. Dickson\\Gordon R. Dickson - Of the People.mobi,,,,2014-11-17 10:57:44,2017-05-07 22:21:33
1180072,E6F21926B317C2E7AE131645D3526EC2,Space Winners,"Dickson, Gordon R",,,English,,,0,,,,1180000/e6f21926b317c2e7ae131645d3526ec2.jpg,epub,128458,,,R:\\0day\\eng14\\SFFEbook 150 Remaster\\Gordon R. Dickson\\Gordon R. Dickson - Space Winners.epub,,,,2014-11-17 10:57:44,2017-05-07 22:21:33
1180073,E60BB423D82C15766CE0CA4EB0A5072C,Space Winners,"Dickson, Gordon R",,,English,,,0,,,,,mobi,220095,,,R:\\0day\\eng14\\SFFEbook 150 Remaster\\Gordon R. Dickson\\Gordon R. Dickson - Space Winners.mobi,,,,2014-11-17 10:57:44,2017-05-07 22:21:33
1180074,3C61C31499E3E9883B0B5444D8C6507C,The Alien Way,"Dickson, Gordon R",,,English,,,0,,,,1180000/3c61c31499e3e9883b0b5444d8c6507c.jpg,epub,223106,,,R:\\0day\\eng14\\SFFEbook 150 Remaster\\Gordon R. Dickson\\Gordon R. Dickson - The Alien Way.epub,,,,2014-11-17 10:57:44,2017-05-07 22:21:33
1180075,2D718BE0B9843CE59FA886F72AC13467,The Alien Way,"Dickson, Gordon R",,,English,,,0,,,,1180000/2d718be0b9843ce59fa886f72ac13467.jpg,mobi,309117,,,R:\\0day\\eng14\\SFFEbook 150 Remaster\\Gordon R. Dickson\\Gordon R. Dickson - The Alien Way.mobi,,,,2014-11-17 10:57:44,2017-05-07 22:21:33
1180076,403E8DBCBDB01A1CFBA8AAA4D22733BF,The Cloak and the Staff,"Dickson, Gordon R",,,English,,,0,,,,1180000/403e8dbcbdb01a1cfba8aaa4d22733bf.jpg,epub,31789,,,R:\\0day\\eng14\\SFFEbook 150 Remaster\\Gordon R. Dickson\\Gordon R. Dickson - The Cloak and the Staff.epub,,,,2014-11-17 10:57:44,2017-05-07 22:21:33
1180077,EA072C914D82DAC213EDC2B06BEB8B6C,The Cloak and the Staff,"Dickson, Gordon R",,,English,,,0,,,,,mobi,54400,,,R:\\0day\\eng14\\SFFEbook 150 Remaster\\Gordon R. Dickson\\Gordon R. Dickson - The Cloak and the Staff.mobi,,,,2014-11-17 10:57:44,2017-05-07 22:21:33
1180078,393749D6B34A0A150B6C4FFA178D6151,The Dreamsman,"Dickson, Gordon R",,,English,,,0,,,,1180000/393749d6b34a0a150b6c4ffa178d6151.jpg,epub,10380,,,R:\\0day\\eng14\\SFFEbook 150 Remaster\\Gordon R. Dickson\\Gordon R. Dickson - The Dreamsman.epub,,,,2014-11-17 10:57:44,2017-05-07 22:21:33
1180079,F2AB0F98978BA519F00A7D3388BC91D7,The Dreamsman,"Dickson, Gordon R",,,English,,,0,,,,,mobi,20352,,,R:\\0day\\eng14\\SFFEbook 150 Remaster\\Gordon R. Dickson\\Gordon R. Dickson - The Dreamsman.mobi,,,,2014-11-17 10:57:44,2017-05-07 22:21:33
1180080,A60B4A5F4538985E09E6DF7DC7E24C55,The Far Call,"Dickson, Gordon R",,,English,,,0,,,,1180000/a60b4a5f4538985e09e6df7dc7e24c55.jpg,epub,425887,,,R:\\0day\\eng14\\SFFEbook 150 Remaster\\Gordon R. Dickson\\Gordon R. Dickson - The Far Call.epub,,,,2014-11-17 10:57:44,2017-05-07 22:21:33
1180081,C9FFD611C0CD1814AE54DCC0AEF3DFC7,The Far Call,"Dickson, Gordon R",,,English,,,0,,,,1180000/c9ffd611c0cd1814ae54dcc0aef3dfc7.jpg,mobi,563370,,,R:\\0day\\eng14\\SFFEbook 150 Remaster\\Gordon R. Dickson\\Gordon R. Dickson - The Far Call.mobi,,,,2014-11-17 10:57:44,2017-05-07 22:21:33
1180082,6EFFC99C3852610841EB44E2C79D1636,The Forever Man,"Dickson, Gordon R",,,English,,,0,,,,1180000/6effc99c3852610841eb44e2c79d1636.jpg,epub,347795,,,R:\\0day\\eng14\\SFFEbook 150 Remaster\\Gordon R. Dickson\\Gordon R. Dickson - The Forever Man.epub,,,,2014-11-17 10:57:44,2017-05-07 22:21:33
1180083,73EA77AC2B3A784F7F8148764587D039,The Forever Man,"Dickson, Gordon R",,,English,,,0,,,,1180000/73ea77ac2b3a784f7f8148764587d039.jpg,mobi,496411,,,R:\\0day\\eng14\\SFFEbook 150 Remaster\\Gordon R. Dickson\\Gordon R. Dickson - The Forever Man.mobi,,,,2014-11-17 10:57:44,2017-05-07 22:21:33
1180084,A397062F9650775BCED53FEC07CE2CF7,The Last Dream,"Dickson, Gordon R",,,English,,,0,,,,1180000/a397062f9650775bced53fec07ce2cf7.jpg,epub,203344,,,R:\\0day\\eng14\\SFFEbook 150 Remaster\\Gordon R. Dickson\\Gordon R. Dickson - The Last Dream.epub,,,,2014-11-17 10:57:44,2017-05-07 22:21:33
1180085,3EE9BA6360C6178002DDE9C8DD420F9C,The Last Dream,"Dickson, Gordon R",,,English,,,0,,,,1180000/3ee9ba6360c6178002dde9c8dd420f9c.jpg,mobi,318310,,,R:\\0day\\eng14\\SFFEbook 150 Remaster\\Gordon R. Dickson\\Gordon R. Dickson - The Last Dream.mobi,,,,2014-11-17 10:57:44,2017-05-07 22:21:33
1180086,9446F510477E77647AB5412BB9C38263,The Last Master,"Dickson, Gordon R",,,English,,,0,,,,1180000/9446f510477e77647ab5412bb9c38263.jpg,epub,209722,,,R:\\0day\\eng14\\SFFEbook 150 Remaster\\Gordon R. Dickson\\Gordon R. Dickson - The Last Master.epub,,,,2014-11-17 10:57:44,2017-05-07 22:21:33
1180087,8A1ECD67A1FE07BF3D1629D37E266645,The Last Master,"Dickson, Gordon R",,,English,,,0,,,,1180000/8a1ecd67a1fe07bf3d1629d37e266645.jpg,mobi,335681,,,R:\\0day\\eng14\\SFFEbook 150 Remaster\\Gordon R. Dickson\\Gordon R. Dickson - The Last Master.mobi,,,,2014-11-17 10:57:44,2017-05-07 22:21:33
1180088,E543D02060C5DA192076D8FFA373911C,The Monkey Wrench,"Dickson, Gordon R",,,English,,,0,,,,1180000/e543d02060c5da192076d8ffa373911c.jpg,epub,14538,,,R:\\0day\\eng14\\SFFEbook 150 Remaster\\Gordon R. Dickson\\Gordon R. Dickson - The Monkey Wrench.epub,,,,2014-11-17 10:57:44,2017-05-07 22:21:33
1180089,99EABDDE3595A78E05AC53D9EBDD7CBE,The Monkey Wrench,"Dickson, Gordon R",,,English,,,0,,,,,mobi,26716,,,R:\\0day\\eng14\\SFFEbook 150 Remaster\\Gordon R. Dickson\\Gordon R. Dickson - The Monkey Wrench.mobi,,,,2014-11-17 10:57:44,2017-05-07 22:21:33
1180090,5A2D833A63060198A4D1A5F4016880FF,The Outposter,"Dickson, Gordon R",,,English,,,0,0671721402,,,1180000/5a2d833a63060198a4d1a5f4016880ff.jpg,epub,285644,,,R:\\0day\\eng14\\SFFEbook 150 Remaster\\Gordon R. Dickson\\Gordon R. Dickson - The Outposter.epub,,,,2014-11-17 10:57:44,2017-05-07 22:21:33
1180091,3AAAF34BAF84AB2ADE18FD8DD9DC1A2D,The Outposter,"Dickson, Gordon R",,,English,,,0,0671721402,,,1180000/3aaaf34baf84ab2ade18fd8dd9dc1a2d.jpg,mobi,398386,,,R:\\0day\\eng14\\SFFEbook 150 Remaster\\Gordon R. Dickson\\Gordon R. Dickson - The Outposter.mobi,,,,2014-11-17 10:57:44,2017-05-07 22:21:33
1180092,D2633E91C9E5D076BCF55A049B13DD94,The Present State of Igneos Research,"Dickson, Gordon R",,,English,,,0,,,,1180000/d2633e91c9e5d076bcf55a049b13dd94.jpg,epub,12165,,,R:\\0day\\eng14\\SFFEbook 150 Remaster\\Gordon R. Dickson\\Gordon R. Dickson - The Present State of Igneos Research.epub,,,,2014-11-17 10:57:44,2017-05-07 22:21:33
1180093,7576EDFF7881125BAC16F72D5CD6D982,The Present State of Igneos Research,"Dickson, Gordon R",,,English,,,0,,,,,mobi,23604,,,R:\\0day\\eng14\\SFFEbook 150 Remaster\\Gordon R. Dickson\\Gordon R. Dickson - The Present State of Igneos Research.mobi,,,,2014-11-17 10:57:44,2017-05-07 22:21:33
1180094,88EA9518DA409B370B6E2D6756C6487E,The Star Fool,"Dickson, Gordon R",,,English,2012,,0,,,,1180000/88ea9518da409b370b6e2d6756c6487e.jpg,epub,82896,,,R:\\0day\\eng14\\SFFEbook 150 Remaster\\Gordon R. Dickson\\Gordon R. Dickson - The Star Fool.epub,,,,2014-11-17 10:57:44,2017-05-07 22:21:33
1180095,CAC2F890625105A24A408D5942EA9C10,The Stranger,"Dickson, Gordon R",,,English,,,0,,,,1180000/cac2f890625105a24a408d5942ea9c10.jpg,epub,231984,,,R:\\0day\\eng14\\SFFEbook 150 Remaster\\Gordon R. Dickson\\Gordon R. Dickson - The Stranger.epub,,,,2014-11-17 10:57:44,2017-05-07 22:21:33
1180096,369C8717443B1C27B70A008FEF6522CF,The Stranger,"Dickson, Gordon R",,,English,,,0,,,,1180000/369c8717443b1c27b70a008fef6522cf.jpg,mobi,332183,,,R:\\0day\\eng14\\SFFEbook 150 Remaster\\Gordon R. Dickson\\Gordon R. Dickson - The Stranger.mobi,,,,2014-11-17 10:57:44,2017-05-07 22:21:33
1180097,D7704163559D89512C1DF628FF1EAFBF,Tiger Green,"Dickson, Gordon R",,,English,,,0,,,,1180000/d7704163559d89512c1df628ff1eafbf.jpg,epub,31445,,,R:\\0day\\eng14\\SFFEbook 150 Remaster\\Gordon R. Dickson\\Gordon R. Dickson - Tiger Green.epub,,,,2014-11-17 10:57:44,2017-05-07 22:21:33
1180098,4D6F973772D63B5719613884958CC6B2,Tiger Green,"Dickson, Gordon R",,,English,,,0,,,,,mobi,40226,,,R:\\0day\\eng14\\SFFEbook 150 Remaster\\Gordon R. Dickson\\Gordon R. Dickson - Tiger Green.mobi,,,,2014-11-17 10:57:44,2017-05-07 22:21:33
1180099,C3C3341A13059B19C7A601831E7507C4,Wolf and Iron,"Dickson, Gordon R",,,English,,,0,,,,1180000/c3c3341a13059b19c7a601831e7507c4.jpg,epub,411509,,,R:\\0day\\eng14\\SFFEbook 150 Remaster\\Gordon R. Dickson\\Gordon R. Dickson - Wolf and Iron.epub,,,,2014-11-17 10:57:44,2017-05-07 22:21:33
1180100,9F540EC2CB94D174F3D6FA7296D2F95B,Wolf and Iron,"Dickson, Gordon R",,,English,,,0,,,,1180000/9f540ec2cb94d174f3d6fa7296d2f95b.jpg,mobi,657520,,,R:\\0day\\eng14\\SFFEbook 150 Remaster\\Gordon R. Dickson\\Gordon R. Dickson - Wolf and Iron.mobi,,,,2014-11-17 10:57:44,2017-05-07 22:21:33
1180101,3ADDBE1DD379DF82534649237541A4B1,Black Rain,"Brown, Graham",Hawker and Laidlaw 1,,English,2010,Random House,0,9780553906691,,,1180000/3addbe1dd379df82534649237541a4b1.jpg,epub,2070580,,,R:\\0day\\eng14\\SFFEbook 150 Remaster\\Graham Brown\\Graham Brown - Hawker and Laidlaw 01 - Black Rain.epub,,,,2014-11-17 10:57:44,2017-05-07 22:21:33
1180102,5325706E00B5B37996F2581E84FF3302,Harringay,"Charnock, Graham",,,English,,,0,,,,1180000/5325706e00b5b37996f2581e84ff3302.jpg,epub,12099,,,R:\\0day\\eng14\\SFFEbook 150 Remaster\\Graham Charnock\\Graham Charnock - Harringay.epub,,,,2014-11-17 10:57:44,2017-05-07 22:21:33
1180103,DC52F98B6FE06BE07DBDA613AD1A19E8,Harringay,"Charnock, Graham",,,English,,,0,,,,,mobi,21112,,,R:\\0day\\eng14\\SFFEbook 150 Remaster\\Graham Charnock\\Graham Charnock - Harringay.mobi,,,,2014-11-17 10:57:44,2017-05-07 22:21:33
1180104,7F8D9A1A6BEA2DDB942D23BDBD045607,Riding the Drop,"Edwards, Graham",,,English,,,0,,,,1180000/7f8d9a1a6bea2ddb942d23bdbd045607.jpg,epub,23124,,,R:\\0day\\eng14\\SFFEbook 150 Remaster\\Graham Edwards\\Graham Edwards - Riding the Drop.epub,,,,2014-11-17 10:57:44,2017-05-07 22:21:33
1180105,13976CB0943582A6B6B20DCC1760528F,Riding the Drop,"Edwards, Graham",,,English,,,0,,,,,mobi,40314,,,R:\\0day\\eng14\\SFFEbook 150 Remaster\\Graham Edwards\\Graham Edwards - Riding the Drop.mobi,,,,2014-11-17 10:57:44,2017-05-07 22:21:33
1180106,B4FFE4BDE0E874D85E538B73909CCC8C,War God: Nights of the Witch,"Hancock, Graham",War God 1,,English,2013,Hodder & Stoughton,0,,,,1180000/b4ffe4bde0e874d85e538b73909ccc8c.jpg,epub,753753,,,R:\\0day\\eng14\\SFFEbook 150 Remaster\\Graham Hancock\\Graham Hancock - War God 01 - War God- Nights of the Witch.epub,,,,2014-11-17 10:57:44,2017-05-07 22:21:33
1180107,500D77BFE0ACF1073ED8333AA63AFE66,Black Dust,"Joyce, Graham",,,English,,,0,,,,1180000/500d77bfe0acf1073ed8333aa63afe66.jpg,epub,14423,,,R:\\0day\\eng14\\SFFEbook 150 Remaster\\Graham Joyce\\Graham Joyce - Black Dust.epub,,,,2014-11-17 10:57:44,2017-05-07 22:21:33
1180108,6C49B5253DA2C8B792AD1886165581DC,Black Dust,"Joyce, Graham",,,English,,,0,,,,,mobi,26368,,,R:\\0day\\eng14\\SFFEbook 150 Remaster\\Graham Joyce\\Graham Joyce - Black Dust.mobi,,,,2014-11-17 10:57:44,2017-05-07 22:21:33
1180109,431618619E1E46F601BDBB53A9285E74,"First, Catch Your Demon","Joyce, Graham",,,English,,,0,,,,1180000/431618619e1e46f601bdbb53a9285e74.jpg,epub,14737,,,"R:\\0day\\eng14\\SFFEbook 150 Remaster\\Graham Joyce\\Graham Joyce - First, Catch Your Demon.epub",,,,2014-11-17 10:57:44,2017-05-07 22:21:33
1180110,D7B0E9B51700E15ABB61A6CCADCF1DB6,"First, Catch Your Demon","Joyce, Graham",,,English,,,0,,,,,mobi,27194,,,"R:\\0day\\eng14\\SFFEbook 150 Remaster\\Graham Joyce\\Graham Joyce - First, Catch Your Demon.mobi",,,,2014-11-17 10:57:44,2017-05-07 22:21:33
1180111,499AFA47C64DED921FC773CA89F5C8B1,Faces of Fear  (Short Story Collection),"Masterton, Graham",,,English,2012,Bloomsbury UK,0,9781448210466,,,1180000/499afa47c64ded921fc773ca89f5c8b1.jpg,epub,1888989,,,R:\\0day\\eng14\\SFFEbook 150 Remaster\\Graham Masterton\\Graham Masterton - Faces of Fear # SSC.epub,,,,2014-11-17 10:57:44,2017-05-07 22:21:33
1180112,51722F095641CF05776E4EE8B1AB9E47,The Manitou,"Masterton, Graham",Manitou 1,,English,,,0,0759267871,,,1180000/51722f095641cf05776e4ee8b1ab9e47.jpg,epub,172677,,,R:\\0day\\eng14\\SFFEbook 150 Remaster\\Graham Masterton\\Graham Masterton - Manitou 01 - The Manitou.epub,,,,2014-11-17 10:57:44,2017-05-07 22:21:33
1180113,004EF2AAD3878E910F11968BAD6C61A7,The Manitou,"Masterton, Graham",Manitou 1,,English,,,0,0759267871,,,1180000/004ef2aad3878e910f11968bad6c61a7.jpg,mobi,259557,,,R:\\0day\\eng14\\SFFEbook 150 Remaster\\Graham Masterton\\Graham Masterton - Manitou 01 - The Manitou.mobi,,,,2014-11-17 10:57:44,2017-05-07 22:21:33
1180114,1217A9AFD04F573E8B5F1A22A357A84C,Spirits of the Age,"Masterton, Graham",,,English,,,0,,,,1180000/1217a9afd04f573e8b5f1a22a357a84c.jpg,epub,15941,,,R:\\0day\\eng14\\SFFEbook 150 Remaster\\Graham Masterton\\Graham Masterton - Spirits of the Age.epub,,,,2014-11-17 10:57:44,2017-05-07 22:21:33
1180115,3824470DFA1E24FDE741AE2108CD2939,Spirits of the Age,"Masterton, Graham",,,English,,,0,,,,,mobi,29380,,,R:\\0day\\eng14\\SFFEbook 150 Remaster\\Graham Masterton\\Graham Masterton - Spirits of the Age.mobi,,,,2014-11-17 10:57:44,2017-05-07 22:21:33
1180116,AD080C76C49D94487FB858F83234E313,The Hymn,"Masterton, Graham",,,English,,,0,,,,1180000/ad080c76c49d94487fb858f83234e313.jpg,epub,322400,,,R:\\0day\\eng14\\SFFEbook 150 Remaster\\Graham Masterton\\Graham Masterton - The Hymn.epub,,,,2014-11-17 10:57:44,2017-05-07 22:21:33
1180117,F9CC6E07447844D318F1C7617E9EBC28,The Hymn,"Masterton, Graham",,,English,,,0,,,,1180000/f9cc6e07447844d318f1c7617e9ebc28.jpg,mobi,464465,,,R:\\0day\\eng14\\SFFEbook 150 Remaster\\Graham Masterton\\Graham Masterton - The Hymn.mobi,,,,2014-11-17 10:57:44,2017-05-07 22:21:33
1180118,4D702CDAAEB50AF21B8EC431E72EE6B8,The Sympathy Society,"Masterton, Graham",,,English,,,0,,,,1180000/4d702cdaaeb50af21b8ec431e72ee6b8.jpg,epub,25439,,,R:\\0day\\eng14\\SFFEbook 150 Remaster\\Graham Masterton\\Graham Masterton - The Sympathy Society.epub,,,,2014-11-17 10:57:44,2017-05-07 22:21:33
1180119,0DBC3C8A13C653AAA07E902A6C5339A8,The Sympathy Society,"Masterton, Graham",,,English,,,0,,,,,mobi,41728,,,R:\\0day\\eng14\\SFFEbook 150 Remaster\\Graham Masterton\\Graham Masterton - The Sympathy Society.mobi,,,,2014-11-17 10:57:44,2017-05-07 22:21:33
1180120,2DEC472E9E1AF524D78AA214C318AD1F,Witch-Compass,"Masterton, Graham",,,English,,,0,,,,1180000/2dec472e9e1af524d78aa214c318ad1f.jpg,epub,29360,,,R:\\0day\\eng14\\SFFEbook 150 Remaster\\Graham Masterton\\Graham Masterton - Witch-Compass.epub,,,,2014-11-17 10:57:44,2017-05-07 22:21:33
1180121,CFC53C9EC356B6EA127E642EF46A45BF,Witch-Compass,"Masterton, Graham",,,English,,,0,,,,1180000/cfc53c9ec356b6ea127e642ef46a45bf.jpg,mobi,47105,,,R:\\0day\\eng14\\SFFEbook 150 Remaster\\Graham Masterton\\Graham Masterton - Witch-Compass.mobi,,,,2014-11-17 10:57:44,2017-05-07 22:21:33
1180122,8A4078808F05AC4828BAB01F1F6EBF03,Analog,"Callin, Grant",,,English,,,0,,,,1180000/8a4078808f05ac4828bab01f1f6ebf03.jpg,epub,395458,,,R:\\0day\\eng14\\SFFEbook 150 Remaster\\Grant Callin\\Grant Callin - Analog.epub,,,,2014-11-17 10:57:44,2017-05-07 22:21:33
1180123,9D245E1C7C668A8139133068D152F1FF,Analog,"Callin, Grant",,,English,,,0,,,,1180000/9d245e1c7c668a8139133068d152f1ff.jpg,mobi,258471,,,R:\\0day\\eng14\\SFFEbook 150 Remaster\\Grant Callin\\Grant Callin - Analog.mobi,,,,2014-11-17 10:57:44,2017-05-07 22:21:33
1180124,B572316F83EBAA20CA15EB593B070873,City of Flaming Shadows,"Stockbridge, Grant",Spider,,English,,,0,,,,1180000/b572316f83ebaa20ca15eb593b070873.jpg,epub,191497,,,R:\\0day\\eng14\\SFFEbook 150 Remaster\\Grant Stockbridge\\Grant Stockbridge - Spider - City of Flaming Shadows.epub,,,,2014-11-17 10:57:44,2017-05-07 22:21:33
1180125,995DB47CFE140889D33C35CC11FC88FF,City of Flaming Shadows,"Stockbridge, Grant",Spider,,English,,,0,,,,1180000/995db47cfe140889d33c35cc11fc88ff.jpg,mobi,290854,,,R:\\0day\\eng14\\SFFEbook 150 Remaster\\Grant Stockbridge\\Grant Stockbridge - Spider - City of Flaming Shadows.mobi,,,,2014-11-17 10:57:44,2017-05-07 22:21:33
1180126,3E7FD56A4ED08CAA0F91535F16295A04,Empire of Doom,"Stockbridge, Grant",Spider,,English,,,0,,,,1180000/3e7fd56a4ed08caa0f91535f16295a04.jpg,epub,185974,,,R:\\0day\\eng14\\SFFEbook 150 Remaster\\Grant Stockbridge\\Grant Stockbridge - Spider - Empire of Doom.epub,,,,2014-11-17 10:57:44,2017-05-07 22:21:33
1180127,7079EE07ACBB4348A0C5D48BD15511E1,Empire of Doom,"Stockbridge, Grant",Spider,,English,,,0,,,,1180000/7079ee07acbb4348a0c5d48bd15511e1.jpg,mobi,279581,,,R:\\0day\\eng14\\SFFEbook 150 Remaster\\Grant Stockbridge\\Grant Stockbridge - Spider - Empire of Doom.mobi,,,,2014-11-17 10:57:44,2017-05-07 22:21:33
1180128,B60D0EEE4C50771AABB579567BAF8D27,The Spider Strikes,"Stockbridge, Grant",Spider,,English,,,0,,,,1180000/b60d0eee4c50771aabb579567baf8d27.jpg,epub,174268,,,R:\\0day\\eng14\\SFFEbook 150 Remaster\\Grant Stockbridge\\Grant Stockbridge - Spider - The Spider Strikes.epub,,,,2014-11-17 10:57:44,2017-05-07 22:21:33
1180129,EF47631DFE15646CBC7236FF08B6EA7E,The Spider Strikes,"Stockbridge, Grant",Spider,,English,,,0,,,,1180000/ef47631dfe15646cbc7236ff08b6ea7e.jpg,mobi,265628,,,R:\\0day\\eng14\\SFFEbook 150 Remaster\\Grant Stockbridge\\Grant Stockbridge - Spider - The Spider Strikes.mobi,,,,2014-11-17 10:57:44,2017-05-07 22:21:33
1180130,8057BA2731365C56395AE52DD04F7367,Wheel of Death,"Stockbridge, Grant",Spider,,English,,,0,,,,1180000/8057ba2731365c56395ae52dd04f7367.jpg,epub,176018,,,R:\\0day\\eng14\\SFFEbook 150 Remaster\\Grant Stockbridge\\Grant Stockbridge - Spider - Wheel of Death.epub,,,,2014-11-17 10:57:44,2017-05-07 22:21:33
1180131,563E607CAB356CE1BD1B2D000EDFB18C,Wheel of Death,"Stockbridge, Grant",Spider,,English,,,0,,,,1180000/563e607cab356ce1bd1b2d000edfb18c.jpg,mobi,263863,,,R:\\0day\\eng14\\SFFEbook 150 Remaster\\Grant Stockbridge\\Grant Stockbridge - Spider - Wheel of Death.mobi,,,,2014-11-17 10:57:44,2017-05-07 22:21:33
1180132,56EE3AAED0D311EC3A10CF923B1B8A58,Wings of the Black Death,"Stockbridge, Grant",Spider,,English,,,0,,,,1180000/56ee3aaed0d311ec3a10cf923b1b8a58.jpg,epub,161985,,,R:\\0day\\eng14\\SFFEbook 150 Remaster\\Grant Stockbridge\\Grant Stockbridge - Spider - Wings of the Black Death.epub,,,,2014-11-17 10:57:44,2017-05-07 22:21:33
1180133,BBF8F3447112E000C6E4439607A252A7,Wings of the Black Death,"Stockbridge, Grant",Spider,,English,,,0,,,,1180000/bbf8f3447112e000c6e4439607a252a7.jpg,mobi,246954,,,R:\\0day\\eng14\\SFFEbook 150 Remaster\\Grant Stockbridge\\Grant Stockbridge - Spider - Wings of the Black Death.mobi,,,,2014-11-17 10:57:44,2017-05-07 22:21:33
1180134,EC56E85329E595B926FD145F70212EC5,"Bright Light, Big City","Costikyan, Greg",,,English,,,0,,,,1180000/ec56e85329e595b926fd145f70212ec5.jpg,epub,13162,,,"R:\\0day\\eng14\\SFFEbook 150 Remaster\\Greg Costikyan\\Greg Costikyan - Bright Light, Big City.epub",,,,2014-11-17 10:57:44,2017-05-07 22:21:33
1180135,FE7841C8213DBA1E96EE4487D2338EF4,"Bright Light, Big City","Costikyan, Greg",,,English,,,0,,,,,mobi,24358,,,"R:\\0day\\eng14\\SFFEbook 150 Remaster\\Greg Costikyan\\Greg Costikyan - Bright Light, Big City.mobi",,,,2014-11-17 10:57:44,2017-05-07 22:21:33
1180136,40D82BC7545E80502610A37FF3D6A5DF,By the Sword,"Costikyan, Greg",,,English,,,0,,,,1180000/40d82bc7545e80502610a37ff3d6a5df.jpg,epub,246608,,,R:\\0day\\eng14\\SFFEbook 150 Remaster\\Greg Costikyan\\Greg Costikyan - By the Sword.epub,,,,2014-11-17 10:57:44,2017-05-07 22:21:33
1180137,C6E6159EDD270DE441990FEB427FBC6A,By the Sword,"Costikyan, Greg",,,English,,,0,,,,1180000/c6e6159edd270de441990feb427fbc6a.jpg,mobi,337174,,,R:\\0day\\eng14\\SFFEbook 150 Remaster\\Greg Costikyan\\Greg Costikyan - By the Sword.mobi,,,,2014-11-17 10:57:44,2017-05-07 22:21:33
1180138,5B2881CB64FDF78C7C59B8C202746D89,"Another Day, Another Dungeon","Costikyan, Greg",Cups and Sorcery 1,,English,,,0,,,,1180000/5b2881cb64fdf78c7c59b8c202746d89.jpg,epub,264112,,,"R:\\0day\\eng14\\SFFEbook 150 Remaster\\Greg Costikyan\\Greg Costikyan - Cups and Sorcery 01 - Another Day, Another Dungeon.epub",,,,2014-11-17 10:57:44,2017-05-07 22:21:33
1180139,B7D8010C8218D52F0B3F6C578922B9DC,"Another Day, Another Dungeon","Costikyan, Greg",Cups and Sorcery 1,,English,,,0,,,,1180000/b7d8010c8218d52f0b3f6c578922b9dc.jpg,mobi,364346,,,"R:\\0day\\eng14\\SFFEbook 150 Remaster\\Greg Costikyan\\Greg Costikyan - Cups and Sorcery 01 - Another Day, Another Dungeon.mobi",,,,2014-11-17 10:57:44,2017-05-07 22:21:33
1180140,6CB34B481673EBE9FD5FF3D24EC1E7D0,"One Quest, Hold the Dragons","Costikyan, Greg",Cups and Sorcery 2,,English,,,0,,,,1180000/6cb34b481673ebe9fd5ff3d24ec1e7d0.jpg,epub,324068,,,"R:\\0day\\eng14\\SFFEbook 150 Remaster\\Greg Costikyan\\Greg Costikyan - Cups and Sorcery 02 - One Quest, Hold the Dragons.epub",,,,2014-11-17 10:57:44,2017-05-07 22:21:33
1180141,849D8657D3048C157AA2DDB0E51F2C71,"One Quest, Hold the Dragons","Costikyan, Greg",Cups and Sorcery 2,,English,,,0,,,,1180000/849d8657d3048c157aa2ddb0e51f2c71.jpg,mobi,467491,,,"R:\\0day\\eng14\\SFFEbook 150 Remaster\\Greg Costikyan\\Greg Costikyan - Cups and Sorcery 02 - One Quest, Hold the Dragons.mobi",,,,2014-11-17 10:57:44,2017-05-07 22:21:33
1180142,0F1F44695E4C3D702BEA763D506EEFAD,High on Life,"Costikyan, Greg",,,English,,,0,,,,1180000/0f1f44695e4c3d702bea763d506eefad.jpg,epub,7382,,,R:\\0day\\eng14\\SFFEbook 150 Remaster\\Greg Costikyan\\Greg Costikyan - High on Life.epub,,,,2014-11-17 10:57:44,2017-05-07 22:21:33
1180143,166AF3B9467F8549B4781F0639499484,High on Life,"Costikyan, Greg",,,English,,,0,,,,,mobi,15400,,,R:\\0day\\eng14\\SFFEbook 150 Remaster\\Greg Costikyan\\Greg Costikyan - High on Life.mobi,,,,2014-11-17 10:57:44,2017-05-07 22:21:33
1180144,43498227EB1DA8DF3990C66093B90799,A Kidnapping  (Short Story),"Egan, Greg",,,English,1995,,0,,,,1180000/43498227eb1da8df3990c66093b90799.jpg,epub,19519,,,R:\\0day\\eng14\\SFFEbook 150 Remaster\\Greg Egan\\Greg Egan - A Kidnapping # SS.epub,,,,2014-11-17 10:57:44,2017-05-07 22:21:33
1180145,DEEA65735A01EFF3DB909BAB30DDBD3E,Appropriate Love  (Short Story),"Egan, Greg",,,English,1995,,0,,,,1180000/deea65735a01eff3db909bab30ddbd3e.jpg,epub,20320,,,R:\\0day\\eng14\\SFFEbook 150 Remaster\\Greg Egan\\Greg Egan - Appropriate Love # SS.epub,,,,2014-11-17 10:57:44,2017-05-07 22:21:33
1180146,572589E3DAFD9771E5F8FCA43736554A,Artifact  (Short Story),"Egan, Greg",,,English,1983,,0,,,,1180000/572589e3dafd9771e5f8fca43736554a.jpg,epub,12094,,,R:\\0day\\eng14\\SFFEbook 150 Remaster\\Greg Egan\\Greg Egan - Artifact # SS.epub,,,,2014-11-17 10:57:44,2017-05-07 22:21:33
1180147,E5A4552E1031F299D3E59374D10CED3F,Axiomatic  (Short Story),"Egan, Greg",,,English,1995,,0,,,,1180000/e5a4552e1031f299d3e59374d10ced3f.jpg,epub,18461,,,R:\\0day\\eng14\\SFFEbook 150 Remaster\\Greg Egan\\Greg Egan - Axiomatic # SS.epub,,,,2014-11-17 10:57:44,2017-05-07 22:21:33
1180148,D4BBBBC5E0F020E8EBE178B8179B8C21,Axiomatic  (Short Story Collection),"Egan, Greg",,,English,2013,Gollancz,0,9780575081741,,,1180000/d4bbbbc5e0f020e8ebe178b8179b8c21.jpg,epub,320834,,,R:\\0day\\eng14\\SFFEbook 150 Remaster\\Greg Egan\\Greg Egan - Axiomatic # SSC.epub,,,,2014-11-17 10:57:44,2017-05-07 22:21:33
1180149,F093A0F55073BDF1F6F2CC9BD910DC60,Blood Sisters  (Short Story),"Egan, Greg",,,English,1995,,0,,,,1180000/f093a0f55073bdf1f6f2cc9bd910dc60.jpg,epub,22434,,,R:\\0day\\eng14\\SFFEbook 150 Remaster\\Greg Egan\\Greg Egan - Blood Sisters # SS.epub,,,,2014-11-17 10:57:44,2017-05-07 22:21:33
1180150,8333C53E1F11B943870D49A19313A2F6,Border Guards  (Short Story),"Egan, Greg",,,English,2013,,0,,,,1180000/8333c53e1f11b943870d49a19313a2f6.jpg,epub,27237,,,R:\\0day\\eng14\\SFFEbook 150 Remaster\\Greg Egan\\Greg Egan - Border Guards # SS.epub,,,,2014-11-17 10:57:44,2017-05-07 22:21:33
1180151,CDDACFB5F6FCA8AE06813C88DABD5896,Chaff  (Short Story),"Egan, Greg",,,English,1994,,0,,,,1180000/cddacfb5f6fca8ae06813c88dabd5896.jpg,epub,27075,,,R:\\0day\\eng14\\SFFEbook 150 Remaster\\Greg Egan\\Greg Egan - Chaff # SS.epub,,,,2014-11-17 10:57:44,2017-05-07 22:21:33
1180152,967787F8F2DC9BADEFC9696D786D0DA6,Closer  (Short Story),"Egan, Greg",,,English,1992,,0,,,,1180000/967787f8f2dc9badefc9696d786d0da6.jpg,epub,19530,,,R:\\0day\\eng14\\SFFEbook 150 Remaster\\Greg Egan\\Greg Egan - Closer # SS.epub,,,,2014-11-17 10:57:44,2017-05-07 22:21:33
1180153,909E3831142F9E6ACF4298CD76A9DE6F,Cocoon  (Short Story),"Egan, Greg",,,English,1994,,0,,,,1180000/909e3831142f9e6acf4298cd76a9de6f.jpg,epub,34300,,,R:\\0day\\eng14\\SFFEbook 150 Remaster\\Greg Egan\\Greg Egan - Cocoon # SS.epub,,,,2014-11-17 10:57:44,2017-05-07 22:21:33
1180154,4C9A79CD488A5936D6F7CC34678BF7F1,Crystal Nights  (Short Story),"Egan, Greg",,,English,2008,,0,,,,1180000/4c9a79cd488a5936d6f7cc34678bf7f1.jpg,epub,260241,,,R:\\0day\\eng14\\SFFEbook 150 Remaster\\Greg Egan\\Greg Egan - Crystal Nights # SS.epub,,,,2014-11-17 10:57:44,2017-05-07 22:21:33
1180155,A51982CFAE21C57A3A65EEB82AC8A862,Dust  (Short Story),"Egan, Greg",,,English,1992,,0,,,,1180000/a51982cfae21c57a3a65eeb82ac8a862.jpg,epub,35381,,,R:\\0day\\eng14\\SFFEbook 150 Remaster\\Greg Egan\\Greg Egan - Dust # SS.epub,,,,2014-11-17 10:57:44,2017-05-07 22:21:33
1180156,73989139784E7F7BD69B2036494397ED,Eugene  (Short Story),"Egan, Greg",,,English,1990,,0,,,,1180000/73989139784e7f7bd69b2036494397ed.jpg,epub,20224,,,R:\\0day\\eng14\\SFFEbook 150 Remaster\\Greg Egan\\Greg Egan - Eugene # SS.epub,,,,2014-11-17 10:57:44,2017-05-07 22:21:33
1180157,BE1D28ECCD741167E47D2E011817935A,Glory  (Short Story),"Egan, Greg",,,English,2007,,0,,,,1180000/be1d28eccd741167e47d2e011817935a.jpg,epub,29709,,,R:\\0day\\eng14\\SFFEbook 150 Remaster\\Greg Egan\\Greg Egan - Glory # SS.epub,,,,2014-11-17 10:57:44,2017-05-07 22:21:33
1180158,24AD37A3C814945F6ABB9D678E8CC63D,Hot Rock  (Short Story),"Egan, Greg",,,English,2010,,0,,,,1180000/24ad37a3c814945f6abb9d678e8cc63d.jpg,epub,52581,,,R:\\0day\\eng14\\SFFEbook 150 Remaster\\Greg Egan\\Greg Egan - Hot Rock # SS.epub,,,,2014-11-17 10:57:44,2017-05-07 22:21:33
1180159,1F1C29ED1549ED6707A2BE7DEA8D57C9,In Numbers  (Short Story),"Egan, Greg",,,English,1991,,0,,,,1180000/1f1c29ed1549ed6707a2be7dea8d57c9.jpg,epub,22047,,,R:\\0day\\eng14\\SFFEbook 150 Remaster\\Greg Egan\\Greg Egan - In Numbers # SS.epub,,,,2014-11-17 10:57:44,2017-05-07 22:21:33
1180160,4537DBEC3C26C53FC5080B1F29629229,Induction  (Short Story),"Egan, Greg",,,English,2007,,0,,,,1180000/4537dbec3c26c53fc5080b1f29629229.jpg,epub,19051,,,R:\\0day\\eng14\\SFFEbook 150 Remaster\\Greg Egan\\Greg Egan - Induction # SS.epub,,,,2014-11-17 10:57:44,2017-05-07 22:21:33
1180161,7311A0792C92E87B1F8AA912071DC073,Into Darkness  (Short Story),"Egan, Greg",,,English,1991,,0,,,,1180000/7311a0792c92e87b1f8aa912071dc073.jpg,epub,22714,,,R:\\0day\\eng14\\SFFEbook 150 Remaster\\Greg Egan\\Greg Egan - Into Darkness # SS.epub,,,,2014-11-17 10:57:44,2017-05-07 22:21:33
1180162,C3C930558DABC386215692FAF95EE1F8,Learning to Be Me  (Short Story),"Egan, Greg",,,English,1990,,0,,,,1180000/c3c930558dabc386215692faf95ee1f8.jpg,epub,19939,,,R:\\0day\\eng14\\SFFEbook 150 Remaster\\Greg Egan\\Greg Egan - Learning to Be Me # SS.epub,,,,2014-11-17 10:57:44,2017-05-07 22:21:33
1180163,3D8F5D267F956BA9BEA18DE3A3DCB226,Lost Continent  (Short Story),"Egan, Greg",,,English,2007,,0,,,,1180000/3d8f5d267f956ba9bea18de3a3dcb226.jpg,epub,29573,,,R:\\0day\\eng14\\SFFEbook 150 Remaster\\Greg Egan\\Greg Egan - Lost Continent # SS.epub,,,,2014-11-17 10:57:44,2017-05-07 22:21:33
1180164,B0834E262F0C41C0BB829D31B8A098B5,Luminous  (Short Story),"Egan, Greg",Luminous 1,,English,1995,,0,,,,1180000/b0834e262f0c41c0bb829d31b8a098b5.jpg,epub,35864,,,R:\\0day\\eng14\\SFFEbook 150 Remaster\\Greg Egan\\Greg Egan - Luminous 01 - Luminous # SS.epub,,,,2014-11-17 10:57:44,2017-05-07 22:21:33
1180165,658B4A9D0A87C06AC8A22A27D5C28DD6,Dark Integers  (Short Story),"Egan, Greg",Luminous 2,,English,2013,,0,,,,1180000/658b4a9d0a87c06ac8a22a27d5c28dd6.jpg,epub,42424,,,R:\\0day\\eng14\\SFFEbook 150 Remaster\\Greg Egan\\Greg Egan - Luminous 02 - Dark Integers # SS.epub,,,,2014-11-17 10:57:44,2017-05-07 22:21:33
1180166,B5AD35E9D9F75CAA56F5CDA37DBA3B82,Mind Vampires  (Short Story),"Egan, Greg",,,English,1986,,0,,,,1180000/b5ad35e9d9f75caa56f5cda37dba3b82.jpg,epub,12166,,,R:\\0day\\eng14\\SFFEbook 150 Remaster\\Greg Egan\\Greg Egan - Mind Vampires # SS.epub,,,,2014-11-17 10:57:44,2017-05-07 22:21:33
1180167,E9ABA8D8C39195CEF9F38C44E7F5D45E,Mister Volition  (Short Story),"Egan, Greg",,,English,2013,,0,,,,1180000/e9aba8d8c39195cef9f38c44e7f5d45e.jpg,epub,20787,,,R:\\0day\\eng14\\SFFEbook 150 Remaster\\Greg Egan\\Greg Egan - Mister Volition # SS.epub,,,,2014-11-17 10:57:44,2017-05-07 22:21:33
1180168,DEE02CE868922F9A4CF933589D3EED3A,Mitochondrial Eve  (Short Story),"Egan, Greg",,,English,1995,,0,,,,1180000/dee02ce868922f9a4cf933589d3eed3a.jpg,epub,28435,,,R:\\0day\\eng14\\SFFEbook 150 Remaster\\Greg Egan\\Greg Egan - Mitochondrial Eve # SS.epub,,,,2014-11-17 10:57:44,2017-05-07 22:21:33
1180169,2E59408A9DA62F349D23764B99C47AAB,Neighbourhood Watch  (Short Story),"Egan, Greg",,,English,1986,,0,,,,1180000/2e59408a9da62f349d23764b99c47aab.jpg,epub,19880,,,R:\\0day\\eng14\\SFFEbook 150 Remaster\\Greg Egan\\Greg Egan - Neighbourhood Watch # SS.epub,,,,2014-11-17 10:57:44,2017-05-07 22:21:33
1180170,3D6F567B084B4CA2B2D915A62FFE6BFF,Oceanic  (Short Story),"Egan, Greg",,,English,2013,,0,,,,1180000/3d6f567b084b4ca2b2d915a62ffe6bff.jpg,epub,48830,,,R:\\0day\\eng14\\SFFEbook 150 Remaster\\Greg Egan\\Greg Egan - Oceanic # SS.epub,,,,2014-11-17 10:57:44,2017-05-07 22:21:33
1180171,FB2E0AF05E21841F4B1026A71F465169,Oracle  (Short Story),"Egan, Greg",,,English,2000,,0,,,,1180000/fb2e0af05e21841f4b1026a71f465169.jpg,epub,49974,,,R:\\0day\\eng14\\SFFEbook 150 Remaster\\Greg Egan\\Greg Egan - Oracle # SS.epub,,,,2014-11-17 10:57:44,2017-05-07 22:21:33
1180172,38073B3114DA76A329F10B8F9071A180,The Arrows of Time,"Egan, Greg",Orthogonal 3,,English,2013,Orion,0,,,,1180000/38073b3114da76a329f10b8f9071a180.jpg,epub,984099,,,R:\\0day\\eng14\\SFFEbook 150 Remaster\\Greg Egan\\Greg Egan - Orthogonal 03 - The Arrows of Time.epub,,,,2014-11-17 10:57:44,2017-05-07 22:21:33
1180173,0D7E4FF37070941439C468AB2F469D94,Our Lady of Chernobyl  (Short Story),"Egan, Greg",,,English,1994,,0,,,,1180000/0d7e4ff37070941439c468ab2f469d94.jpg,epub,32662,,,R:\\0day\\eng14\\SFFEbook 150 Remaster\\Greg Egan\\Greg Egan - Our Lady of Chernobyl # SS.epub,,,,2014-11-17 10:57:44,2017-05-07 22:21:33
1180174,D958120440AB4C6CDFD2B6771B9EB202,Reasons to Be Cheerful  (Short Story),"Egan, Greg",,,English,1997,,0,,,,1180000/d958120440ab4c6cdfd2b6771b9eb202.jpg,epub,37856,,,R:\\0day\\eng14\\SFFEbook 150 Remaster\\Greg Egan\\Greg Egan - Reasons to Be Cheerful # SS.epub,,,,2014-11-17 10:57:44,2017-05-07 22:21:33
1180175,312B29F1C2F1074C16D9C60AA59064CE,Scatter My Ashes  (Short Story),"Egan, Greg",,,English,1988,,0,,,,1180000/312b29f1c2f1074c16d9c60aa59064ce.jpg,epub,16407,,,R:\\0day\\eng14\\SFFEbook 150 Remaster\\Greg Egan\\Greg Egan - Scatter My Ashes # SS.epub,,,,2014-11-17 10:57:44,2017-05-07 22:21:33
1180176,B457DC607742F28071A1763A10EEBFFB,Seeing  (Short Story),"Egan, Greg",,,English,1995,,0,,,,1180000/b457dc607742f28071a1763a10eebffb.jpg,epub,20406,,,R:\\0day\\eng14\\SFFEbook 150 Remaster\\Greg Egan\\Greg Egan - Seeing # SS.epub,,,,2014-11-17 10:57:44,2017-05-07 22:21:33
1180177,69DC36553F2B4C9AF5AAD93FC1C4FF50,Silver Fire  (Short Story),"Egan, Greg",,,English,2013,,0,,,,1180000/69dc36553f2b4c9af5aad93fc1c4ff50.jpg,epub,34569,,,R:\\0day\\eng14\\SFFEbook 150 Remaster\\Greg Egan\\Greg Egan - Silver Fire # SS.epub,,,,2014-11-17 10:57:44,2017-05-07 22:21:33
1180178,FEAA31A47844C8F0B6A0BDD900514DCD,Singleton  (Short Story),"Egan, Greg",,,English,2002,,0,,,,1180000/feaa31a47844c8f0b6a0bdd900514dcd.jpg,epub,54795,,,R:\\0day\\eng14\\SFFEbook 150 Remaster\\Greg Egan\\Greg Egan - Singleton # SS.epub,,,,2014-11-17 10:57:44,2017-05-07 22:21:33
1180179,9E41639D7E8A259DAEAC84B28B6C7CA6,Steve Fever  (Short Story),"Egan, Greg",,,English,2007,,0,,,,1180000/9e41639d7e8a259daeac84b28b6c7ca6.jpg,epub,19926,,,R:\\0day\\eng14\\SFFEbook 150 Remaster\\Greg Egan\\Greg Egan - Steve Fever # SS.epub,,,,2014-11-17 10:57:44,2017-05-07 22:21:33
1180180,17AD56EE976656DB6E40B198FD6A9866,Tangled Up  (Short Story),"Egan, Greg",,,English,1985,,0,,,,1180000/17ad56ee976656db6e40b198fd6a9866.jpg,epub,11381,,,R:\\0day\\eng14\\SFFEbook 150 Remaster\\Greg Egan\\Greg Egan - Tangled Up # SS.epub,,,,2014-11-17 10:57:44,2017-05-07 22:21:33
1180181,3E619C6AAA2E08869D691BA4772170B2,TAP  (Short Story),"Egan, Greg",,,English,2013,,0,,,,1180000/3e619c6aaa2e08869d691ba4772170b2.jpg,epub,40641,,,R:\\0day\\eng14\\SFFEbook 150 Remaster\\Greg Egan\\Greg Egan - TAP # SS.epub,,,,2014-11-17 10:57:44,2017-05-07 22:21:33
1180182,ABD1EE020C1AD991F6C8ECD3F3DD6F5C,The Caress  (Short Story),"Egan, Greg",,,English,1989,,0,,,,1180000/abd1ee020c1ad991f6c8ecd3f3dd6f5c.jpg,epub,29934,,,R:\\0day\\eng14\\SFFEbook 150 Remaster\\Greg Egan\\Greg Egan - The Caress # SS.epub,,,,2014-11-17 10:57:44,2017-05-07 22:21:33
1180183,0178A0AA6890AD9C2FC04515DCEDEC63,The Cutie  (Short Story),"Egan, Greg",,,English,1989,,0,,,,1180000/0178a0aa6890ad9c2fc04515dcedec63.jpg,epub,16364,,,R:\\0day\\eng14\\SFFEbook 150 Remaster\\Greg Egan\\Greg Egan - The Cutie # SS.epub,,,,2014-11-17 10:57:44,2017-05-07 22:21:33
1180184,A6CC7DDBB25196F5400C33CB86D2E657,The Demon's Passage  (Short Story),"Egan, Greg",,,English,1991,,0,,,,1180000/a6cc7ddbb25196f5400c33cb86d2e657.jpg,epub,21261,,,R:\\0day\\eng14\\SFFEbook 150 Remaster\\Greg Egan\\Greg Egan - The Demon's Passage # SS.epub,,,,2014-11-17 10:57:44,2017-05-07 22:21:33
1180185,958B3A650156B9A94DCAA8A17F5D9C5C,The Extra  (Short Story),"Egan, Greg",,,English,1990,,0,,,,1180000/958b3a650156b9a94dcaa8a17f5d9c5c.jpg,epub,20773,,,R:\\0day\\eng14\\SFFEbook 150 Remaster\\Greg Egan\\Greg Egan - The Extra # SS.epub,,,,2014-11-17 10:57:44,2017-05-07 22:21:33
1180186,299795F1C48B19DB22B757AB5454DD5F,The Hundred-Light-Year Diary  (Short Story),"Egan, Greg",,,English,1991,,0,,,,1180000/299795f1c48b19db22b757ab5454dd5f.jpg,epub,19518,,,R:\\0day\\eng14\\SFFEbook 150 Remaster\\Greg Egan\\Greg Egan - The Hundred-Light-Year Diary # SS.epub,,,,2014-11-17 10:57:44,2017-05-07 22:21:33
1180187,A547F82A442D7051C1285B9ED1D8C41D,The Infinite Assassin  (Short Story),"Egan, Greg",,,English,1991,,0,,,,1180000/a547f82a442d7051c1285b9ed1d8c41d.jpg,epub,19664,,,R:\\0day\\eng14\\SFFEbook 150 Remaster\\Greg Egan\\Greg Egan - The Infinite Assassin # SS.epub,,,,2014-11-17 10:57:44,2017-05-07 22:21:33
1180188,29BB6F69B3491B6AC5EF08296D53753A,The Moral Virologist  (Short Story),"Egan, Greg",,,English,1990,,0,,,,1180000/29bb6f69b3491b6ac5ef08296d53753a.jpg,epub,20780,,,R:\\0day\\eng14\\SFFEbook 150 Remaster\\Greg Egan\\Greg Egan - The Moral Virologist # SS.epub,,,,2014-11-17 10:57:44,2017-05-07 22:21:33
1180189,F9DCEDB7E3F5FA9192D336E207C86301,The Planck Dive  (Short Story),"Egan, Greg",,,English,2013,,0,,,,1180000/f9dcedb7e3f5fa9192d336e207c86301.jpg,epub,34093,,,R:\\0day\\eng14\\SFFEbook 150 Remaster\\Greg Egan\\Greg Egan - The Planck Dive # SS.epub,,,,2014-11-17 10:57:44,2017-05-07 22:21:33
1180190,F61C9C524CC6695E7C8D8DFDC4B28B2A,The Safe-Deposit Box  (Short Story),"Egan, Greg",,,English,1995,,0,,,,1180000/f61c9c524cc6695e7c8d8dfdc4b28b2a.jpg,epub,23494,,,R:\\0day\\eng14\\SFFEbook 150 Remaster\\Greg Egan\\Greg Egan - The Safe-Deposit Box # SS.epub,,,,2014-11-17 10:57:44,2017-05-07 22:21:33
1180191,2E1BB0EEDA4E8FC3528FEF594E01D96A,The Vat  (Short Story),"Egan, Greg",,,English,1990,,0,,,,1180000/2e1bb0eeda4e8fc3528fef594e01d96a.jpg,epub,11631,,,R:\\0day\\eng14\\SFFEbook 150 Remaster\\Greg Egan\\Greg Egan - The Vat # SS.epub,,,,2014-11-17 10:57:44,2017-05-07 22:21:33
1180192,96BEE6F36FCAA1EA6FC39464A93257AC,The Walk  (Short Story),"Egan, Greg",,,English,1992,,0,,,,1180000/96bee6f36fcaa1ea6fc39464a93257ac.jpg,epub,15193,,,R:\\0day\\eng14\\SFFEbook 150 Remaster\\Greg Egan\\Greg Egan - The Walk # SS.epub,,,,2014-11-17 10:57:44,2017-05-07 22:21:33
1180193,E50334B93C40BAEC1488944350EA3071,"The Way She Smiles, the Things She Says  (Short Story)","Egan, Greg",,,English,1985,,0,,,,1180000/e50334b93c40baec1488944350ea3071.jpg,epub,13825,,,"R:\\0day\\eng14\\SFFEbook 150 Remaster\\Greg Egan\\Greg Egan - The Way She Smiles, the Things She Says # SS.epub",,,,2014-11-17 10:57:44,2017-05-07 22:21:33
1180194,37699813EF1E219008E18B6544025326,Transition Dreams  (Short Story),"Egan, Greg",,,English,1993,,0,,,,1180000/37699813ef1e219008e18b6544025326.jpg,epub,18776,,,R:\\0day\\eng14\\SFFEbook 150 Remaster\\Greg Egan\\Greg Egan - Transition Dreams # SS.epub,,,,2014-11-17 10:57:44,2017-05-07 22:21:33
1180195,A91ABDF68239424FC63A1EC1CA568601,Unstable Orbits in the Space of Lies  (Short Story),"Egan, Greg",,,English,1992,,0,,,,1180000/a91abdf68239424fc63a1ec1ca568601.jpg,epub,20279,,,R:\\0day\\eng14\\SFFEbook 150 Remaster\\Greg Egan\\Greg Egan - Unstable Orbits in the Space of Lies # SS.epub,,,,2014-11-17 10:57:44,2017-05-07 22:21:33
1180196,E511F1C191EBF9E953D54F9FDC367E94,Wang's Carpets  (Short Story),"Egan, Greg",,,English,2013,,0,,,,1180000/e511f1c191ebf9e953d54f9fdc367e94.jpg,epub,36393,,,R:\\0day\\eng14\\SFFEbook 150 Remaster\\Greg Egan\\Greg Egan - Wang's Carpets # SS.epub,,,,2014-11-17 10:57:44,2017-05-07 22:21:33
1180197,44FB07E055D3324E55D6AB5BDCA05B13,Yeyuka  (Short Story),"Egan, Greg",,,English,2013,,0,,,,1180000/44fb07e055d3324e55d6ab5bdca05b13.jpg,epub,22127,,,R:\\0day\\eng14\\SFFEbook 150 Remaster\\Greg Egan\\Greg Egan - Yeyuka # SS.epub,,,,2014-11-17 10:57:44,2017-05-07 22:21:33
1180198,EA2E6C5DCF845B4AEE79F7CAA2B8F6FE,Ascension,"Hair, Greg",Werewolf 2,,English,2011,,0,,,,1180000/ea2e6c5dcf845b4aee79f7caa2b8f6fe.jpg,mobi,363894,,,R:\\0day\\eng14\\SFFEbook 150 Remaster\\Greg Hair\\Greg Hair - Werewolf 02 - Ascension # (v5.0).mobi,version: 5.0,,,2014-11-17 10:57:44,2017-05-07 22:21:33
1180199,69F49D44C67C77C0189480BDECAB5602,Riddler's Gift,"Hamerton, Greg",Tale of the Lifesong 1,,English,2011,Eternity Press,0,9780958511865,,,1180000/69f49d44c67c77c0189480bdecab5602.jpg,mobi,1131292,,,R:\\0day\\eng14\\SFFEbook 150 Remaster\\Greg Hamerton\\Greg Hamerton - Tale of the Lifesong 01 - Riddler's Gift # (v5.0).mobi,version: 5.0,,,2014-11-17 10:57:44,2017-05-07 22:21:33
1180200,2FF015760A38B391E9119D45E820775E,Sleep No More,"Iles, Greg",Mississippi 4,,English,,,0,0000000000,,,1180000/2ff015760a38b391e9119d45e820775e.jpg,epub,334960,,,R:\\0day\\eng14\\SFFEbook 150 Remaster\\Greg Iles\\Greg Iles - Mississippi 04 - Sleep No More.epub,,,,2014-11-17 10:57:44,2017-05-07 22:21:33
1180201,B2F36BC1D2F2F79C8E6A2C6ACF40025B,Sleep No More,"Iles, Greg",Mississippi 4,,English,,,0,0000000000,,,1180000/b2f36bc1d2f2f79c8e6a2c6acf40025b.jpg,mobi,534718,,,R:\\0day\\eng14\\SFFEbook 150 Remaster\\Greg Iles\\Greg Iles - Mississippi 04 - Sleep No More.mobi,,,,2014-11-17 10:57:44,2017-05-07 22:21:33
1180202,F4AC495F02A655C5E074D636D2C80616,Black Cross,"Iles, Greg",World War Two 1,,English,,,0,,,,1180000/f4ac495f02a655c5e074d636d2c80616.jpg,epub,474024,,,R:\\0day\\eng14\\SFFEbook 150 Remaster\\Greg Iles\\Greg Iles - World War Two 01 - Black Cross.epub,,,,2014-11-17 10:57:44,2017-05-07 22:21:33
1180203,2BAEBCB274C463468E824CA2E92F4B5F,Black Cross,"Iles, Greg",World War Two 1,,English,,,0,,,,1180000/2baebcb274c463468e824ca2e92f4b5f.jpg,mobi,740339,,,R:\\0day\\eng14\\SFFEbook 150 Remaster\\Greg Iles\\Greg Iles - World War Two 01 - Black Cross.mobi,,,,2014-11-17 10:57:44,2017-05-07 22:21:33
1180204,8A8F7381E29DE17C31A05E12DDFB6C2B,Newton's Cannon,"Keyes, Greg",Age of Unreason 1,,English,2009,"Random House, Inc.",0,9780307558596,,,1180000/8a8f7381e29de17c31a05e12ddfb6c2b.jpg,epub,2066636,,,R:\\0day\\eng14\\SFFEbook 150 Remaster\\Greg Keyes\\Greg Keyes - Age of Unreason 01 - Newton's Cannon # (v5.0).epub,version: 5.0,,,2014-11-17 10:57:44,2017-05-07 22:21:33
1180205,E619A1B8ADF4E23025867980A80AA39B,Empire of Unreason,"Keyes, Greg",Age of Unreason 3,,English,2009,"Random House, Inc.",0,9780307555915,,,1180000/e619a1b8adf4e23025867980a80aa39b.jpg,epub,1982386,,,R:\\0day\\eng14\\SFFEbook 150 Remaster\\Greg Keyes\\Greg Keyes - Age of Unreason 03 - Empire of Unreason # (v5.0).epub,version: 5.0,,,2014-11-17 10:57:44,2017-05-07 22:21:33
1180206,5078584BE0500FE929DC7F4F239460BE,The Python King's Treasure,"Keyes, Greg",,,English,,,0,,,,1180000/5078584be0500fe929dc7f4f239460be.jpg,epub,22585,,,R:\\0day\\eng14\\SFFEbook 150 Remaster\\Greg Keyes\\Greg Keyes - The Python King's Treasure.epub,,,,2014-11-17 10:57:44,2017-05-07 22:21:33
1180207,0DCA43FD10CC76AFFC73B66EAB9419B5,The Python King's Treasure,"Keyes, Greg",,,English,,,0,,,,,mobi,39236,,,R:\\0day\\eng14\\SFFEbook 150 Remaster\\Greg Keyes\\Greg Keyes - The Python King's Treasure.mobi,,,,2014-11-17 10:57:44,2017-05-07 22:21:33
1180208,70DC178CA42B91848E0ECB72F73F7BE8,Minutes to Burn,"Hurwitz, Gregg",,,English,,,0,,,,1180000/70dc178ca42b91848e0ecb72f73f7be8.jpg,epub,506640,,,R:\\0day\\eng14\\SFFEbook 150 Remaster\\Gregg Hurwitz\\Gregg Hurwitz - Minutes to Burn.epub,,,,2014-11-17 10:57:44,2017-05-07 22:21:33
1180209,8277CB25B2D316BE47F6914FE1D8779B,Minutes to Burn,"Hurwitz, Gregg",,,English,,,0,,,,1180000/8277cb25b2d316be47f6914fe1d8779b.jpg,mobi,637846,,,R:\\0day\\eng14\\SFFEbook 150 Remaster\\Gregg Hurwitz\\Gregg Hurwitz - Minutes to Burn.mobi,,,,2014-11-17 10:57:44,2017-05-07 22:21:33
1180210,6DBE9CFE3B301E355F7ED03590B7DE3F,Edges,"Keizer, Gregg",,,English,,,0,,,,1180000/6dbe9cfe3b301e355f7ed03590b7de3f.jpg,epub,18158,,,R:\\0day\\eng14\\SFFEbook 150 Remaster\\Gregg Keizer\\Gregg Keizer - Edges.epub,,,,2014-11-17 10:57:44,2017-05-07 22:21:33
1180211,FCC2374B2DE899131F05BBBE8C68D8F1,Edges,"Keizer, Gregg",,,English,,,0,,,,,mobi,32202,,,R:\\0day\\eng14\\SFFEbook 150 Remaster\\Gregg Keizer\\Gregg Keizer - Edges.mobi,,,,2014-11-17 10:57:44,2017-05-07 22:21:33
1180212,EFBC7101E63773246D7DDA8FFFFCC4E6,Paris Conquers All,"Benford, Gregory; Brin, David",,,English,,,0,,,,1180000/efbc7101e63773246d7dda8ffffcc4e6.jpg,epub,21588,,,R:\\0day\\eng14\\SFFEbook 150 Remaster\\Gregory Benford & David Brin\\Gregory Benford & David Brin - Paris Conquers All.epub,,,,2014-11-17 10:57:44,2017-05-07 22:21:33
1180213,F0FC1475FF5A40529ED1AB7182F3BDDB,Paris Conquers All,"Benford, Gregory; Brin, David",,,English,,,0,,,,,mobi,38438,,,R:\\0day\\eng14\\SFFEbook 150 Remaster\\Gregory Benford & David Brin\\Gregory Benford & David Brin - Paris Conquers All.mobi,,,,2014-11-17 10:57:44,2017-05-07 22:21:33
1180214,9B6815C51EA16A49B1A0DBEC6A419F7E,A Hiss of Dragon,"Benford, Gregory; Laidlaw, Marc",,,English,,,0,,,,1180000/9b6815c51ea16a49b1a0dbec6a419f7e.jpg,epub,19360,,,R:\\0day\\eng14\\SFFEbook 150 Remaster\\Gregory Benford & Marc Laidlaw\\Gregory Benford & Marc Laidlaw - A Hiss of Dragon.epub,,,,2014-11-17 10:57:44,2017-05-07 22:21:33
1180215,93AD1EFA21CF71C620F1D5FB692D1C8A,A Hiss of Dragon,"Benford, Gregory; Laidlaw, Marc",,,English,,,0,,,,,mobi,36316,,,R:\\0day\\eng14\\SFFEbook 150 Remaster\\Gregory Benford & Marc Laidlaw\\Gregory Benford & Marc Laidlaw - A Hiss of Dragon.mobi,,,,2014-11-17 10:57:44,2017-05-07 22:21:33
1180216,534FB91E50E32154D76D55953528C925,A Cold Dry Cradle,"Benford, Gregory",,,English,,,0,,,,1180000/534fb91e50e32154d76d55953528c925.jpg,epub,54748,,,R:\\0day\\eng14\\SFFEbook 150 Remaster\\Gregory Benford\\Gregory Benford - A Cold Dry Cradle.epub,,,,2014-11-17 10:57:44,2017-05-07 22:21:33
1180217,93E2846F543E88B3463B52D66DD5989D,A Cold Dry Cradle,"Benford, Gregory",,,English,,,0,,,,,mobi,86404,,,R:\\0day\\eng14\\SFFEbook 150 Remaster\\Gregory Benford\\Gregory Benford - A Cold Dry Cradle.mobi,,,,2014-11-17 10:57:44,2017-05-07 22:21:33
1180218,7616CBAC622C5BD7A3B14D29C0CCFBF1,A Worm in the Well,"Benford, Gregory",,,English,,,0,,,,1180000/7616cbac622c5bd7a3b14d29c0ccfbf1.jpg,epub,25992,,,R:\\0day\\eng14\\SFFEbook 150 Remaster\\Gregory Benford\\Gregory Benford - A Worm in the Well.epub,,,,2014-11-17 10:57:44,2017-05-07 22:21:33
1180219,CB5185886B53D1FC3AE79F483192A100,A Worm in the Well,"Benford, Gregory",,,English,,,0,,,,,mobi,44888,,,R:\\0day\\eng14\\SFFEbook 150 Remaster\\Gregory Benford\\Gregory Benford - A Worm in the Well.mobi,,,,2014-11-17 10:57:44,2017-05-07 22:21:33
1180220,5BF8C394B44B31FBFE21A2F57AC3C97D,Anomalies  (Short Story),"Benford, Gregory",,,English,,Constable & Robinson,0,9781472103420,,,1180000/5bf8c394b44b31fbfe21a2f57ac3c97d.jpg,epub,393916,,,R:\\0day\\eng14\\SFFEbook 150 Remaster\\Gregory Benford\\Gregory Benford - Anomalies # SS (v5.0).epub,version: 5.0,,,2014-11-17 10:57:44,2017-05-07 22:21:33
1180221,5514494BCEAE3C450A4F3542D724FE5D,Anomalies  (Short Story),"Benford, Gregory",,,English,,,0,,,,1180000/5514494bceae3c450a4f3542d724fe5d.jpg,epub,13949,,,R:\\0day\\eng14\\SFFEbook 150 Remaster\\Gregory Benford\\Gregory Benford - Anomalies # SS.epub,,,,2014-11-17 10:57:44,2017-05-07 22:21:33
1180222,B969F1748C4E9CE852167BC50463616E,Anomalies  (Short Story),"Benford, Gregory",,,English,,,0,,,,,mobi,24376,,,R:\\0day\\eng14\\SFFEbook 150 Remaster\\Gregory Benford\\Gregory Benford - Anomalies # SS.mobi,,,,2014-11-17 10:57:44,2017-05-07 22:21:33
1180223,9731E559B1FB92132A2D1D219C1DE629,Antarctica and Mars,"Benford, Gregory",,,English,,,0,,,,1180000/9731e559b1fb92132a2d1d219c1de629.jpg,epub,15208,,,R:\\0day\\eng14\\SFFEbook 150 Remaster\\Gregory Benford\\Gregory Benford - Antarctica and Mars.epub,,,,2014-11-17 10:57:44,2017-05-07 22:21:33
1180224,6FB0F5CC4CC4CDD02F1530EF32812729,Antarctica and Mars,"Benford, Gregory",,,English,,,0,,,,,mobi,26626,,,R:\\0day\\eng14\\SFFEbook 150 Remaster\\Gregory Benford\\Gregory Benford - Antarctica and Mars.mobi,,,,2014-11-17 10:57:44,2017-05-07 22:21:33
1180225,4B5FFDC26176CC345285949755D34978,Around the Curves of a Cosmos,"Benford, Gregory",,,English,,,0,,,,1180000/4b5ffdc26176cc345285949755d34978.jpg,epub,27947,,,R:\\0day\\eng14\\SFFEbook 150 Remaster\\Gregory Benford\\Gregory Benford - Around the Curves of a Cosmos.epub,,,,2014-11-17 10:57:44,2017-05-07 22:21:33
1180226,98EF739D64E13027DC99A945BDC7A248,Around the Curves of a Cosmos,"Benford, Gregory",,,English,,,0,,,,,mobi,51010,,,R:\\0day\\eng14\\SFFEbook 150 Remaster\\Gregory Benford\\Gregory Benford - Around the Curves of a Cosmos.mobi,,,,2014-11-17 10:57:44,2017-05-07 22:21:33
1180227,C45B0CC0F300E7D6133935BD7B77A6BF,Beyond Infinity,"Benford, Gregory",,,English,,,0,,,,1180000/c45b0cc0f300e7d6133935bd7b77a6bf.jpg,epub,423069,,,R:\\0day\\eng14\\SFFEbook 150 Remaster\\Gregory Benford\\Gregory Benford - Beyond Infinity.epub,,,,2014-11-17 10:57:44,2017-05-07 22:21:33
1180228,632B2410DE218481A68D612C90945411,Beyond Infinity,"Benford, Gregory",,,English,,,0,,,,1180000/632b2410de218481a68d612c90945411.jpg,mobi,575756,,,R:\\0day\\eng14\\SFFEbook 150 Remaster\\Gregory Benford\\Gregory Benford - Beyond Infinity.mobi,,,,2014-11-17 10:57:44,2017-05-07 22:21:33
1180229,439215D2CC54DD0AA5BBE1FF3536D4B3,Beyond the Fall of Night,"Benford, Gregory",,,English,,,0,,,,1180000/439215d2cc54dd0aa5bbe1ff3536d4b3.jpg,epub,274606,,,R:\\0day\\eng14\\SFFEbook 150 Remaster\\Gregory Benford\\Gregory Benford - Beyond the Fall of Night.epub,,,,2014-11-17 10:57:44,2017-05-07 22:21:33
1180230,E3481CD9C6FFA6C4EE49E7BBEA038D9B,Beyond the Fall of Night,"Benford, Gregory",,,English,,,0,,,,1180000/e3481cd9c6ffa6c4ee49e7bbea038d9b.jpg,mobi,387813,,,R:\\0day\\eng14\\SFFEbook 150 Remaster\\Gregory Benford\\Gregory Benford - Beyond the Fall of Night.mobi,,,,2014-11-17 10:57:44,2017-05-07 22:21:33
1180231,065972B76CA1C222AC0EA71CB381D788,Biotech and Nanodreams,"Benford, Gregory",,,English,,,0,,,,1180000/065972b76ca1c222ac0ea71cb381d788.jpg,epub,16810,,,R:\\0day\\eng14\\SFFEbook 150 Remaster\\Gregory Benford\\Gregory Benford - Biotech and Nanodreams.epub,,,,2014-11-17 10:57:44,2017-05-07 22:21:33
1180232,2920520CCD361852F6C9CE738D4B4A08,Biotech and Nanodreams,"Benford, Gregory",,,English,,,0,,,,,mobi,24356,,,R:\\0day\\eng14\\SFFEbook 150 Remaster\\Gregory Benford\\Gregory Benford - Biotech and Nanodreams.mobi,,,,2014-11-17 10:57:44,2017-05-07 22:21:33
1180233,7FAC038179046B7344A709F0D340E4C5,Bow Shock,"Benford, Gregory",,,English,,,0,,,,1180000/7fac038179046b7344a709f0d340e4c5.jpg,epub,43080,,,R:\\0day\\eng14\\SFFEbook 150 Remaster\\Gregory Benford\\Gregory Benford - Bow Shock.epub,,,,2014-11-17 10:57:44,2017-05-07 22:21:33
1180234,765A525C713F2036B95DFCDFB474585F,Bow Shock,"Benford, Gregory",,,English,,,0,,,,,mobi,66550,,,R:\\0day\\eng14\\SFFEbook 150 Remaster\\Gregory Benford\\Gregory Benford - Bow Shock.mobi,,,,2014-11-17 10:57:44,2017-05-07 22:21:33
1180235,A6E35BFC5BFC5371C1C046BF511EBA87,Brink,"Benford, Gregory",,,English,,,0,,,,1180000/a6e35bfc5bfc5371c1c046bf511eba87.jpg,epub,18532,,,R:\\0day\\eng14\\SFFEbook 150 Remaster\\Gregory Benford\\Gregory Benford - Brink.epub,,,,2014-11-17 10:57:44,2017-05-07 22:21:33
1180236,866FAA6BA79B21930369E9FDF2FA4BE2,Brink,"Benford, Gregory",,,English,,,0,,,,,mobi,31916,,,R:\\0day\\eng14\\SFFEbook 150 Remaster\\Gregory Benford\\Gregory Benford - Brink.mobi,,,,2014-11-17 10:57:44,2017-05-07 22:21:33
1180237,7D1C9E758EB3DDE60C5419E2FC29F8B4,Cosm,"Benford, Gregory",,,English,,,0,,,,1180000/7d1c9e758eb3dde60c5419e2fc29f8b4.jpg,epub,331316,,,R:\\0day\\eng14\\SFFEbook 150 Remaster\\Gregory Benford\\Gregory Benford - Cosm.epub,,,,2014-11-17 10:57:44,2017-05-07 22:21:33
1180238,5B53D026CF5B2E9DD458FC27D74207FD,Cosm,"Benford, Gregory",,,English,,,0,,,,1180000/5b53d026cf5b2e9dd458fc27d74207fd.jpg,mobi,449713,,,R:\\0day\\eng14\\SFFEbook 150 Remaster\\Gregory Benford\\Gregory Benford - Cosm.mobi,,,,2014-11-17 10:57:44,2017-05-07 22:21:33
1180239,F0695CDC02810A0379CE70A892C7BCBA,Doing Alien,"Benford, Gregory",,,English,,,0,,,,1180000/f0695cdc02810a0379ce70a892c7bcba.jpg,epub,10039,,,R:\\0day\\eng14\\SFFEbook 150 Remaster\\Gregory Benford\\Gregory Benford - Doing Alien.epub,,,,2014-11-17 10:57:44,2017-05-07 22:21:33
1180240,F7EBA94F82A54093DC628F263F29BCC6,Doing Alien,"Benford, Gregory",,,English,,,0,,,,,mobi,19314,,,R:\\0day\\eng14\\SFFEbook 150 Remaster\\Gregory Benford\\Gregory Benford - Doing Alien.mobi,,,,2014-11-17 10:57:44,2017-05-07 22:21:33
1180241,D17E2BDB46E6EF6A6395945627DCC9A0,Doing Lennon,"Benford, Gregory",,,English,,,0,,,,1180000/d17e2bdb46e6ef6a6395945627dcc9a0.jpg,epub,19018,,,R:\\0day\\eng14\\SFFEbook 150 Remaster\\Gregory Benford\\Gregory Benford - Doing Lennon.epub,,,,2014-11-17 10:57:44,2017-05-07 22:21:33
1180242,6FD5DEBA47B2B2110902223D45E58A11,Doing Lennon,"Benford, Gregory",,,English,,,0,,,,,mobi,31876,,,R:\\0day\\eng14\\SFFEbook 150 Remaster\\Gregory Benford\\Gregory Benford - Doing Lennon.mobi,,,,2014-11-17 10:57:44,2017-05-07 22:21:33
1180243,2948A5BF99938226AD41983AED07DC02,Essays and Short Stories  (Short Story Collection),"Benford, Gregory",,,English,,,0,,,,1180000/2948a5bf99938226ad41983aed07dc02.jpg,epub,193564,,,R:\\0day\\eng14\\SFFEbook 150 Remaster\\Gregory Benford\\Gregory Benford - Essays and Short Stories # SSC.epub,,,,2014-11-17 10:57:44,2017-05-07 22:21:33
1180244,5FC5094DE62FB1891A5875DBDB65842B,Essays and Short Stories  (Short Story Collection),"Benford, Gregory",,,English,,,0,,,,,mobi,279774,,,R:\\0day\\eng14\\SFFEbook 150 Remaster\\Gregory Benford\\Gregory Benford - Essays and Short Stories # SSC.mobi,,,,2014-11-17 10:57:44,2017-05-07 22:21:33
1180245,6111AF6419DE645CAEFBC733DC3E20A1,A Hunger for the Infinite,"Benford, Gregory",Galactic Centre SS,,English,,,0,,,,1180000/6111af6419de645caefbc733dc3e20a1.jpg,epub,48187,,,R:\\0day\\eng14\\SFFEbook 150 Remaster\\Gregory Benford\\Gregory Benford - Galactic Centre SS - A Hunger for the Infinite.epub,,,,2014-11-17 10:57:44,2017-05-07 22:21:33
1180246,B789C228542BC274384199870C82DB44,A Hunger for the Infinite,"Benford, Gregory",Galactic Centre SS,,English,,,0,,,,,mobi,65776,,,R:\\0day\\eng14\\SFFEbook 150 Remaster\\Gregory Benford\\Gregory Benford - Galactic Centre SS - A Hunger for the Infinite.mobi,,,,2014-11-17 10:57:44,2017-05-07 22:21:33
1180247,3E18156D4683E8522B5D89DBBC8CF34B,Life at Galactic Center,"Benford, Gregory",Galactic Centre SS,,English,,,0,,,,1180000/3e18156d4683e8522b5d89dbbc8cf34b.jpg,epub,16741,,,R:\\0day\\eng14\\SFFEbook 150 Remaster\\Gregory Benford\\Gregory Benford - Galactic Centre SS - Life at Galactic Center.epub,,,,2014-11-17 10:57:44,2017-05-07 22:21:33
1180248,8BD12611A05264FBAAD98A2A48EA2AC0,Life at Galactic Center,"Benford, Gregory",Galactic Centre SS,,English,,,0,,,,,mobi,30214,,,R:\\0day\\eng14\\SFFEbook 150 Remaster\\Gregory Benford\\Gregory Benford - Galactic Centre SS - Life at Galactic Center.mobi,,,,2014-11-17 10:57:44,2017-05-07 22:21:33
1180249,097AD4E05C6934BD1B814980886EC8F5,Humanity as Cancer,"Benford, Gregory",,,English,,,0,,,,1180000/097ad4e05c6934bd1b814980886ec8f5.jpg,epub,16885,,,R:\\0day\\eng14\\SFFEbook 150 Remaster\\Gregory Benford\\Gregory Benford - Humanity as Cancer.epub,,,,2014-11-17 10:57:44,2017-05-07 22:21:33
1180250,C11D3969B6A6042E658B3505DBA72C7F,Humanity as Cancer,"Benford, Gregory",,,English,,,0,,,,,mobi,29578,,,R:\\0day\\eng14\\SFFEbook 150 Remaster\\Gregory Benford\\Gregory Benford - Humanity as Cancer.mobi,,,,2014-11-17 10:57:44,2017-05-07 22:21:33
1180251,34F505BDA4EF00B7FE8165FE5B7760F0,If the Stars are Gods,"Benford, Gregory",,,English,,,0,,,,1180000/34f505bda4ef00b7fe8165fe5b7760f0.jpg,epub,37412,,,R:\\0day\\eng14\\SFFEbook 150 Remaster\\Gregory Benford\\Gregory Benford - If the Stars are Gods.epub,,,,2014-11-17 10:57:44,2017-05-07 22:21:33
1180252,17904035B2EFF9CBCDAE817554967ABD,If the Stars are Gods,"Benford, Gregory",,,English,,,0,,,,,mobi,62598,,,R:\\0day\\eng14\\SFFEbook 150 Remaster\\Gregory Benford\\Gregory Benford - If the Stars are Gods.mobi,,,,2014-11-17 10:57:44,2017-05-07 22:21:33
1180253,161BB98D75EC0A2EDDFAEE5AAED00E6F,Immersion,"Benford, Gregory",,,English,,,0,,,,1180000/161bb98d75ec0a2eddfaee5aaed00e6f.jpg,epub,58313,,,R:\\0day\\eng14\\SFFEbook 150 Remaster\\Gregory Benford\\Gregory Benford - Immersion.epub,,,,2014-11-17 10:57:44,2017-05-07 22:21:33
1180254,CF8367975D20239D4201AA4471D1DAA3,Immersion,"Benford, Gregory",,,English,,,0,,,,,mobi,101852,,,R:\\0day\\eng14\\SFFEbook 150 Remaster\\Gregory Benford\\Gregory Benford - Immersion.mobi,,,,2014-11-17 10:57:44,2017-05-07 22:21:33
1180255,64009951C24C6D7029C3765916AD55D1,Is It Smart to Be Smart,"Benford, Gregory",,,English,,,0,,,,1180000/64009951c24c6d7029c3765916ad55d1.jpg,epub,15321,,,R:\\0day\\eng14\\SFFEbook 150 Remaster\\Gregory Benford\\Gregory Benford - Is It Smart to Be Smart.epub,,,,2014-11-17 10:57:44,2017-05-07 22:21:33
1180256,F2162B1800EF3B9AE463660EC8C497E6,Is It Smart to Be Smart,"Benford, Gregory",,,English,,,0,,,,,mobi,28236,,,R:\\0day\\eng14\\SFFEbook 150 Remaster\\Gregory Benford\\Gregory Benford - Is It Smart to Be Smart.mobi,,,,2014-11-17 10:57:44,2017-05-07 22:21:33
1180257,2C2A10CECA0413454C967C34978051F9,"Manassas, Again","Benford, Gregory",,,English,,,0,,,,1180000/2c2a10ceca0413454c967c34978051f9.jpg,epub,15892,,,"R:\\0day\\eng14\\SFFEbook 150 Remaster\\Gregory Benford\\Gregory Benford - Manassas, Again.epub",,,,2014-11-17 10:57:44,2017-05-07 22:21:33
1180258,17C4145C8A56D65E50A4904796E371B0,"Manassas, Again","Benford, Gregory",,,English,,,0,,,,,mobi,28222,,,"R:\\0day\\eng14\\SFFEbook 150 Remaster\\Gregory Benford\\Gregory Benford - Manassas, Again.mobi",,,,2014-11-17 10:57:44,2017-05-07 22:21:33
1180259,43C0EA026C48268BADF41F6A595969F7,The Sunborn,"Benford, Gregory",Martian Race 2,,English,,,0,,,,1180000/43c0ea026c48268badf41f6a595969f7.jpg,epub,379304,,,R:\\0day\\eng14\\SFFEbook 150 Remaster\\Gregory Benford\\Gregory Benford - Martian Race 02 - The Sunborn.epub,,,,2014-11-17 10:57:44,2017-05-07 22:21:33
1180260,8CD5CFDC482AF9BFCA2C81C8905325C7,The Sunborn,"Benford, Gregory",Martian Race 2,,English,,,0,,,,1180000/8cd5cfdc482af9bfca2c81c8905325c7.jpg,mobi,497376,,,R:\\0day\\eng14\\SFFEbook 150 Remaster\\Gregory Benford\\Gregory Benford - Martian Race 02 - The Sunborn.mobi,,,,2014-11-17 10:57:44,2017-05-07 22:21:33
1180261,C73EF30E5FBA8AAF2571C8CADD82F90B,Matter's End,"Benford, Gregory",,,English,,,0,,,,1180000/c73ef30e5fba8aaf2571c8cadd82f90b.jpg,epub,39585,,,R:\\0day\\eng14\\SFFEbook 150 Remaster\\Gregory Benford\\Gregory Benford - Matter's End.epub,,,,2014-11-17 10:57:44,2017-05-07 22:21:33
1180262,C7961689D2435C8DBEC605FCA6264052,Matter's End,"Benford, Gregory",,,English,,,0,,,,,mobi,69972,,,R:\\0day\\eng14\\SFFEbook 150 Remaster\\Gregory Benford\\Gregory Benford - Matter's End.mobi,,,,2014-11-17 10:57:44,2017-05-07 22:21:33
1180263,4F808E8E78B515F8F795BD219B99C13F,Me Days,"Benford, Gregory",,,English,,,0,,,,1180000/4f808e8e78b515f8f795bd219b99c13f.jpg,epub,11088,,,R:\\0day\\eng14\\SFFEbook 150 Remaster\\Gregory Benford\\Gregory Benford - Me Days.epub,,,,2014-11-17 10:57:44,2017-05-07 22:21:33
1180264,E6D2E18ADA0CD02865E575CD3247E393,Me Days,"Benford, Gregory",,,English,,,0,,,,,mobi,21328,,,R:\\0day\\eng14\\SFFEbook 150 Remaster\\Gregory Benford\\Gregory Benford - Me Days.mobi,,,,2014-11-17 10:57:44,2017-05-07 22:21:33
1180265,E75BEA9AE68EA658FD7E916AA953854C,Nooncoming,"Benford, Gregory",,,English,,,0,,,,1180000/e75bea9ae68ea658fd7e916aa953854c.jpg,epub,13468,,,R:\\0day\\eng14\\SFFEbook 150 Remaster\\Gregory Benford\\Gregory Benford - Nooncoming.epub,,,,2014-11-17 10:57:44,2017-05-07 22:21:33
1180266,23F2629F1B408C3927DDDC7807CA99C1,Nooncoming,"Benford, Gregory",,,English,,,0,,,,,mobi,20062,,,R:\\0day\\eng14\\SFFEbook 150 Remaster\\Gregory Benford\\Gregory Benford - Nooncoming.mobi,,,,2014-11-17 10:57:44,2017-05-07 22:21:33
1180267,F11CD44B735B6752C6AFC605428A7045,On the Brane,"Benford, Gregory",,,English,,,0,,,,1180000/f11cd44b735b6752c6afc605428a7045.jpg,epub,20448,,,R:\\0day\\eng14\\SFFEbook 150 Remaster\\Gregory Benford\\Gregory Benford - On the Brane.epub,,,,2014-11-17 10:57:44,2017-05-07 22:21:33
1180268,2973A7344C63ACDFC74B26B053D48226,On the Brane,"Benford, Gregory",,,English,,,0,,,,,mobi,35080,,,R:\\0day\\eng14\\SFFEbook 150 Remaster\\Gregory Benford\\Gregory Benford - On the Brane.mobi,,,,2014-11-17 10:57:44,2017-05-07 22:21:33
1180269,9DB8907C3DBE4B1DB566B426AF49AF3A,Sending Meaning Across the Epochs,"Benford, Gregory",,,English,,,0,,,,1180000/9db8907c3dbe4b1db566b426af49af3a.jpg,epub,13726,,,R:\\0day\\eng14\\SFFEbook 150 Remaster\\Gregory Benford\\Gregory Benford - Sending Meaning Across the Epochs.epub,,,,2014-11-17 10:57:44,2017-05-07 22:21:33
1180270,1E78A6B23A3F61CE7416A42000B0A3CC,Sending Meaning Across the Epochs,"Benford, Gregory",,,English,,,0,,,,,mobi,23168,,,R:\\0day\\eng14\\SFFEbook 150 Remaster\\Gregory Benford\\Gregory Benford - Sending Meaning Across the Epochs.mobi,,,,2014-11-17 10:57:44,2017-05-07 22:21:33
1180271,32D1576ADAD9932F6741F47218157F2E,Shakers of the Earth,"Benford, Gregory",,,English,,,0,,,,1180000/32d1576adad9932f6741f47218157f2e.jpg,epub,16215,,,R:\\0day\\eng14\\SFFEbook 150 Remaster\\Gregory Benford\\Gregory Benford - Shakers of the Earth.epub,,,,2014-11-17 10:57:44,2017-05-07 22:21:33
1180272,7688A7A61D2F5B3D9086B06CC502136F,Shakers of the Earth,"Benford, Gregory",,,English,,,0,,,,,mobi,28724,,,R:\\0day\\eng14\\SFFEbook 150 Remaster\\Gregory Benford\\Gregory Benford - Shakers of the Earth.mobi,,,,2014-11-17 10:57:44,2017-05-07 22:21:33
1180273,EB5FBDA6616390FA0B57A122D2223AD2,Skylife,"Benford, Gregory",,,English,,,0,,,,1180000/eb5fbda6616390fa0b57a122d2223ad2.jpg,epub,17969,,,R:\\0day\\eng14\\SFFEbook 150 Remaster\\Gregory Benford\\Gregory Benford - Skylife.epub,,,,2014-11-17 10:57:44,2017-05-07 22:21:33
1180274,DA328F29D7B251B55766C8295A2E88CC,Skylife,"Benford, Gregory",,,English,,,0,,,,,mobi,26560,,,R:\\0day\\eng14\\SFFEbook 150 Remaster\\Gregory Benford\\Gregory Benford - Skylife.mobi,,,,2014-11-17 10:57:44,2017-05-07 22:21:33
1180275,ABFAB5CA43472F05E8FA4F992DA48EEB,Slow Symphonies of Mass and Time,"Benford, Gregory",,,English,,,0,,,,1180000/abfab5ca43472f05e8fa4f992da48eeb.jpg,epub,29907,,,R:\\0day\\eng14\\SFFEbook 150 Remaster\\Gregory Benford\\Gregory Benford - Slow Symphonies of Mass and Time.epub,,,,2014-11-17 10:57:44,2017-05-07 22:21:33
1180276,0AB2D239454FA17B96A4F189A038041A,Slow Symphonies of Mass and Time,"Benford, Gregory",,,English,,,0,,,,,mobi,48546,,,R:\\0day\\eng14\\SFFEbook 150 Remaster\\Gregory Benford\\Gregory Benford - Slow Symphonies of Mass and Time.mobi,,,,2014-11-17 10:57:44,2017-05-07 22:21:33
1180277,D24CED69663FE777734FB3CA6215BC8F,Starswarmer,"Benford, Gregory",,,English,,,0,,,,,mobi,31152,,,R:\\0day\\eng14\\SFFEbook 150 Remaster\\Gregory Benford\\Gregory Benford - Starswarmer.mobi,,,,2014-11-17 10:57:44,2017-05-07 22:21:33
1180278,F2D2BF099A145A8320A2A5303DDC13A3,Teeth of Time,"Benford, Gregory",,,English,,,0,,,,1180000/f2d2bf099a145a8320a2a5303ddc13a3.jpg,epub,11445,,,R:\\0day\\eng14\\SFFEbook 150 Remaster\\Gregory Benford\\Gregory Benford - Teeth of Time.epub,,,,2014-11-17 10:57:44,2017-05-07 22:21:33
1180279,F0872761569416EE7D030738A85018B0,Teeth of Time,"Benford, Gregory",,,English,,,0,,,,,mobi,21230,,,R:\\0day\\eng14\\SFFEbook 150 Remaster\\Gregory Benford\\Gregory Benford - Teeth of Time.mobi,,,,2014-11-17 10:57:44,2017-05-07 22:21:33
1180280,FBA4389DEE8AB9727E38D331510900D0,Ten Thousand Years of Solitude,"Benford, Gregory",,,English,,,0,,,,1180000/fba4389dee8ab9727e38d331510900d0.jpg,epub,15788,,,R:\\0day\\eng14\\SFFEbook 150 Remaster\\Gregory Benford\\Gregory Benford - Ten Thousand Years of Solitude.epub,,,,2014-11-17 10:57:44,2017-05-07 22:21:33
1180281,56383C28388B4851EBB6BB5C2602B520,Ten Thousand Years of Solitude,"Benford, Gregory",,,English,,,0,,,,,mobi,28146,,,R:\\0day\\eng14\\SFFEbook 150 Remaster\\Gregory Benford\\Gregory Benford - Ten Thousand Years of Solitude.mobi,,,,2014-11-17 10:57:44,2017-05-07 22:21:33
1180282,B3B172CE7AEDA6F2163C4C3BE8A29F7D,The Far Future,"Benford, Gregory",,,English,,,0,,,,1180000/b3b172ce7aeda6f2163c4c3be8a29f7d.jpg,epub,18253,,,R:\\0day\\eng14\\SFFEbook 150 Remaster\\Gregory Benford\\Gregory Benford - The Far Future.epub,,,,2014-11-17 10:57:44,2017-05-07 22:21:33
1180283,4DB20D03F7311E157FFDB64E52C6CC0C,The Far Future,"Benford, Gregory",,,English,,,0,,,,,mobi,27884,,,R:\\0day\\eng14\\SFFEbook 150 Remaster\\Gregory Benford\\Gregory Benford - The Far Future.mobi,,,,2014-11-17 10:57:44,2017-05-07 22:21:33
1180284,056E45848CB2BAED54DDD60D78E2C570,The Fire This Time,"Benford, Gregory",,,English,,,0,,,,1180000/056e45848cb2baed54ddd60d78e2c570.jpg,epub,13011,,,R:\\0day\\eng14\\SFFEbook 150 Remaster\\Gregory Benford\\Gregory Benford - The Fire This Time.epub,,,,2014-11-17 10:57:44,2017-05-07 22:21:33
1180285,96C800EC8CA2F68D60BF3FC6181397F2,The Fire This Time,"Benford, Gregory",,,English,,,0,,,,,mobi,23566,,,R:\\0day\\eng14\\SFFEbook 150 Remaster\\Gregory Benford\\Gregory Benford - The Fire This Time.mobi,,,,2014-11-17 10:57:44,2017-05-07 22:21:33
1180286,407484D7FF7574C82E1DF374B7B880FD,The First Commandment,"Benford, Gregory",,,English,,,0,,,,1180000/407484d7ff7574c82e1df374b7b880fd.jpg,epub,15879,,,R:\\0day\\eng14\\SFFEbook 150 Remaster\\Gregory Benford\\Gregory Benford - The First Commandment.epub,,,,2014-11-17 10:57:44,2017-05-07 22:21:33
1180287,7255B5561D9779B4CECAD32A166EAC4A,The First Commandment,"Benford, Gregory",,,English,,,0,,,,,mobi,28190,,,R:\\0day\\eng14\\SFFEbook 150 Remaster\\Gregory Benford\\Gregory Benford - The First Commandment.mobi,,,,2014-11-17 10:57:44,2017-05-07 22:21:33
1180288,A0A16BA9D289142B4480FE4FE1F3925A,The Fourth Dimension,"Benford, Gregory",,,English,,,0,,,,1180000/a0a16ba9d289142b4480fe4fe1f3925a.jpg,epub,18441,,,R:\\0day\\eng14\\SFFEbook 150 Remaster\\Gregory Benford\\Gregory Benford - The Fourth Dimension.epub,,,,2014-11-17 10:57:44,2017-05-07 22:21:33
1180289,2E38CF24D5BC3AEEB9A321A9FD240DC0,The Fourth Dimension,"Benford, Gregory",,,English,,,0,,,,,mobi,27674,,,R:\\0day\\eng14\\SFFEbook 150 Remaster\\Gregory Benford\\Gregory Benford - The Fourth Dimension.mobi,,,,2014-11-17 10:57:44,2017-05-07 22:21:33
1180290,0D97B6B7D174796F79600A5927C544F1,The Long Future,"Benford, Gregory",,,English,,,0,,,,1180000/0d97b6b7d174796f79600a5927c544f1.jpg,epub,14032,,,R:\\0day\\eng14\\SFFEbook 150 Remaster\\Gregory Benford\\Gregory Benford - The Long Future.epub,,,,2014-11-17 10:57:44,2017-05-07 22:21:33
1180291,0B93A0732878675C8B0969F2BFB05FB1,The Long Future,"Benford, Gregory",,,English,,,0,,,,,mobi,25154,,,R:\\0day\\eng14\\SFFEbook 150 Remaster\\Gregory Benford\\Gregory Benford - The Long Future.mobi,,,,2014-11-17 10:57:44,2017-05-07 22:21:33
1180292,677EC7BD0BBD32DCAA61212767A5248F,The Man Who Wasn't There,"Benford, Gregory",,,English,,,0,,,,1180000/677ec7bd0bbd32dcaa61212767a5248f.jpg,epub,8833,,,R:\\0day\\eng14\\SFFEbook 150 Remaster\\Gregory Benford\\Gregory Benford - The Man Who Wasn't There.epub,,,,2014-11-17 10:57:44,2017-05-07 22:21:33
1180293,E7970B83A40576ED31FA988DAEE43D2E,The Man Who Wasn't There,"Benford, Gregory",,,English,,,0,,,,,mobi,17698,,,R:\\0day\\eng14\\SFFEbook 150 Remaster\\Gregory Benford\\Gregory Benford - The Man Who Wasn't There.mobi,,,,2014-11-17 10:57:44,2017-05-07 22:21:33
1180294,145A2C02B17FBBBF684EC3D112589A62,The Voice,"Benford, Gregory",,,English,,,0,0061059013,,,1180000/145a2c02b17fbbbf684ec3d112589a62.jpg,epub,16404,,,R:\\0day\\eng14\\SFFEbook 150 Remaster\\Gregory Benford\\Gregory Benford - The Voice.epub,,,,2014-11-17 10:57:44,2017-05-07 22:21:33
1180295,03332DC45CAB5D1E181D3217DB503A6A,The Voice,"Benford, Gregory",,,English,,,0,0061059013,,,,mobi,30134,,,R:\\0day\\eng14\\SFFEbook 150 Remaster\\Gregory Benford\\Gregory Benford - The Voice.mobi,,,,2014-11-17 10:57:44,2017-05-07 22:21:33
1180296,849D1DED3B5E6157F1242F3B5223DE74,The Worm Turns,"Benford, Gregory",,,English,,,0,,,,1180000/849d1ded3b5e6157f1242f3b5223de74.jpg,epub,24980,,,R:\\0day\\eng14\\SFFEbook 150 Remaster\\Gregory Benford\\Gregory Benford - The Worm Turns.epub,,,,2014-11-17 10:57:44,2017-05-07 22:21:33
1180297,03CEB6BD82EFBD83EC0E4D40712B5510,The Worm Turns,"Benford, Gregory",,,English,,,0,,,,,mobi,43438,,,R:\\0day\\eng14\\SFFEbook 150 Remaster\\Gregory Benford\\Gregory Benford - The Worm Turns.mobi,,,,2014-11-17 10:57:44,2017-05-07 22:21:33
1180298,EB45557463ED064C9FCF552367F04925,We Could Do Worse,"Benford, Gregory",,,English,,,0,,,,1180000/eb45557463ed064c9fcf552367f04925.jpg,epub,8965,,,R:\\0day\\eng14\\SFFEbook 150 Remaster\\Gregory Benford\\Gregory Benford - We Could Do Worse.epub,,,,2014-11-17 10:57:44,2017-05-07 22:21:33
1180299,1EE7F5E11A9E9068681099CBDA27851D,We Could Do Worse,"Benford, Gregory",,,English,,,0,,,,,mobi,18196,,,R:\\0day\\eng14\\SFFEbook 150 Remaster\\Gregory Benford\\Gregory Benford - We Could Do Worse.mobi,,,,2014-11-17 10:57:44,2017-05-07 22:21:33
1180300,2BEA6FFDDB00A870D7FBA4535F0E3810,What Might Have Been,"Benford, Gregory",,,English,,,0,,,,1180000/2bea6ffddb00a870d7fba4535f0e3810.jpg,epub,330615,,,R:\\0day\\eng14\\SFFEbook 150 Remaster\\Gregory Benford\\Gregory Benford - What Might Have Been.epub,,,,2014-11-17 10:57:44,2017-05-07 22:21:33
1180301,894EC26EA3C0C73C60B8D6218B8EF4E0,What Might Have Been,"Benford, Gregory",,,English,,,0,,,,1180000/894ec26ea3c0c73c60b8d6218b8ef4e0.jpg,mobi,489928,,,R:\\0day\\eng14\\SFFEbook 150 Remaster\\Gregory Benford\\Gregory Benford - What Might Have Been.mobi,,,,2014-11-17 10:57:44,2017-05-07 22:21:33
1180302,91A8E9B43789982B7DF6A5FD18C07F75,Zoomers,"Benford, Gregory",,,English,,,0,0061057460,,,1180000/91a8e9b43789982b7df6a5fd18c07f75.jpg,epub,12772,,,R:\\0day\\eng14\\SFFEbook 150 Remaster\\Gregory Benford\\Gregory Benford - Zoomers.epub,,,,2014-11-17 10:57:44,2017-05-07 22:21:33
1180303,D0C6648AB883195D7061E17443102274,Zoomers,"Benford, Gregory",,,English,,,0,0061057460,,,,mobi,24344,,,R:\\0day\\eng14\\SFFEbook 150 Remaster\\Gregory Benford\\Gregory Benford - Zoomers.mobi,,,,2014-11-17 10:57:44,2017-05-07 22:21:33
1180304,56B37920849270D6C1819D10F6AD477E,Fancy Bread,"Feeley, Gregory",,,English,,,0,,,,1180000/56b37920849270d6c1819d10f6ad477e.jpg,epub,16555,,,R:\\0day\\eng14\\SFFEbook 150 Remaster\\Gregory Feeley\\Gregory Feeley - Fancy Bread.epub,,,,2014-11-17 10:57:44,2017-05-07 22:21:33
1180305,F646B8B8DF1896E238CFAD18F104CC15,Fancy Bread,"Feeley, Gregory",,,English,,,0,,,,,mobi,29406,,,R:\\0day\\eng14\\SFFEbook 150 Remaster\\Gregory Feeley\\Gregory Feeley - Fancy Bread.mobi,,,,2014-11-17 10:57:44,2017-05-07 22:21:33
1180306,6A8D2258DE1759FA0CFA5FBD536F62AF,The Oxygen Barons,"Feeley, Gregory",,,English,,,0,,,,1180000/6a8d2258de1759fa0cfa5fbd536f62af.jpg,epub,311572,,,R:\\0day\\eng14\\SFFEbook 150 Remaster\\Gregory Feeley\\Gregory Feeley - The Oxygen Barons.epub,,,,2014-11-17 10:57:44,2017-05-07 22:21:33
1180307,B13CB5CBC27D54CFB4A5BFEF32F3F7E4,The Oxygen Barons,"Feeley, Gregory",,,English,,,0,,,,1180000/b13cb5cbc27d54cfb4a5bfef32f3f7e4.jpg,mobi,461098,,,R:\\0day\\eng14\\SFFEbook 150 Remaster\\Gregory Feeley\\Gregory Feeley - The Oxygen Barons.mobi,,,,2014-11-17 10:57:44,2017-05-07 22:21:33
1180308,B1634D9A60F063323D6F1FEED4D4DFC4,Coyote Goes to College,"Frost, Gregory",,,English,,,0,,,,1180000/b1634d9a60f063323d6f1feed4d4dfc4.jpg,epub,14651,,,R:\\0day\\eng14\\SFFEbook 150 Remaster\\Gregory Frost\\Gregory Frost - Coyote Goes to College.epub,,,,2014-11-17 10:57:44,2017-05-07 22:21:33
1180309,122BC1C125F94857BADB40CF4ADD489C,Coyote Goes to College,"Frost, Gregory",,,English,,,0,,,,,mobi,26442,,,R:\\0day\\eng14\\SFFEbook 150 Remaster\\Gregory Frost\\Gregory Frost - Coyote Goes to College.mobi,,,,2014-11-17 10:57:44,2017-05-07 22:21:33
1180310,56BBA63A015CDC68F75FCCEDF18C53C2,Crimson Spear,"Frost, Gregory",,,English,,,0,0759561834,,,1180000/56bba63a015cdc68f75fccedf18c53c2.jpg,epub,2589360,,,R:\\0day\\eng14\\SFFEbook 150 Remaster\\Gregory Frost\\Gregory Frost - Crimson Spear.epub,,,,2014-11-17 10:57:44,2017-05-07 22:21:33
1180311,9F9F4EECACC5DB020D766B50632C7B25,Crimson Spear,"Frost, Gregory",,,English,,,0,0759561834,,,1180000/9f9f4eecacc5db020d766b50632c7b25.jpg,mobi,1850158,,,R:\\0day\\eng14\\SFFEbook 150 Remaster\\Gregory Frost\\Gregory Frost - Crimson Spear.mobi,,,,2014-11-17 10:57:44,2017-05-07 22:21:33
1180312,7419FA0CBC04ACDEE80432269EF3D3F7,How Meersh the Bedeviler Lost His Toes,"Frost, Gregory",,,English,,,0,,,,1180000/7419fa0cbc04acdee80432269ef3d3f7.jpg,epub,31148,,,R:\\0day\\eng14\\SFFEbook 150 Remaster\\Gregory Frost\\Gregory Frost - How Meersh the Bedeviler Lost His Toes.epub,,,,2014-11-17 10:57:44,2017-05-07 22:21:33
1180313,DF3948305DB57F1D48355A74992F32CB,How Meersh the Bedeviler Lost His Toes,"Frost, Gregory",,,English,,,0,,,,,mobi,52648,,,R:\\0day\\eng14\\SFFEbook 150 Remaster\\Gregory Frost\\Gregory Frost - How Meersh the Bedeviler Lost His Toes.mobi,,,,2014-11-17 10:57:44,2017-05-07 22:21:33
1180314,19D31ADFDC37142B1531058D259DE8AA,Ill-Met in Ilium,"Frost, Gregory",,,English,,,0,,,,1180000/19d31adfdc37142b1531058d259de8aa.jpg,epub,9453,,,R:\\0day\\eng14\\SFFEbook 150 Remaster\\Gregory Frost\\Gregory Frost - Ill-Met in Ilium.epub,,,,2014-11-17 10:57:44,2017-05-07 22:21:33
1180315,521B3C1E0BF33AEB0FE56C24FBFE6B8B,Ill-Met in Ilium,"Frost, Gregory",,,English,,,0,,,,,mobi,19138,,,R:\\0day\\eng14\\SFFEbook 150 Remaster\\Gregory Frost\\Gregory Frost - Ill-Met in Ilium.mobi,,,,2014-11-17 10:57:44,2017-05-07 22:21:33
1180316,36AB4D4F9C14F0A466A750DCE74C5FAE,Madonna of the Maquiladora,"Frost, Gregory",,,English,,,0,,,,1180000/36ab4d4f9c14f0a466a750dce74c5fae.jpg,epub,30333,,,R:\\0day\\eng14\\SFFEbook 150 Remaster\\Gregory Frost\\Gregory Frost - Madonna of the Maquiladora.epub,,,,2014-11-17 10:57:44,2017-05-07 22:21:33
1180317,C42405456C7578824FAA9E5F1CA05AE4,Madonna of the Maquiladora,"Frost, Gregory",,,English,,,0,,,,,mobi,51292,,,R:\\0day\\eng14\\SFFEbook 150 Remaster\\Gregory Frost\\Gregory Frost - Madonna of the Maquiladora.mobi,,,,2014-11-17 10:57:44,2017-05-07 22:21:33
1180318,73A216BDF5C824DF4DC48653E0C4C694,Some Things Are Better Left,"Frost, Gregory",,,English,,,0,,,,1180000/73a216bdf5c824df4dc48653e0c4c694.jpg,epub,23759,,,R:\\0day\\eng14\\SFFEbook 150 Remaster\\Gregory Frost\\Gregory Frost - Some Things Are Better Left.epub,,,,2014-11-17 10:57:44,2017-05-07 22:21:33
1180319,F445F9C49949A96F7D6F3A1D0200EB33,Some Things Are Better Left,"Frost, Gregory",,,English,,,0,,,,,mobi,41514,,,R:\\0day\\eng14\\SFFEbook 150 Remaster\\Gregory Frost\\Gregory Frost - Some Things Are Better Left.mobi,,,,2014-11-17 10:57:44,2017-05-07 22:21:33
1180320,918B3EB02F6CEBB93E8D1B2F7660CDC9,The Final Act,"Frost, Gregory",,,English,,,0,,,,1180000/918b3eb02f6cebb93e8d1b2f7660cdc9.jpg,epub,17295,,,R:\\0day\\eng14\\SFFEbook 150 Remaster\\Gregory Frost\\Gregory Frost - The Final Act.epub,,,,2014-11-17 10:57:44,2017-05-07 22:21:33
1180321,8710B73263A07879963BE00C2968C6FB,The Final Act,"Frost, Gregory",,,English,,,0,,,,1180000/8710b73263a07879963be00c2968c6fb.jpg,mobi,27805,,,R:\\0day\\eng14\\SFFEbook 150 Remaster\\Gregory Frost\\Gregory Frost - The Final Act.mobi,,,,2014-11-17 10:57:44,2017-05-07 22:21:33
1180322,09594BFCB7B3C29D05EAE2F9C41C8D83,The Girlfriends of Dorian Gray,"Frost, Gregory",,,English,,,0,,,,1180000/09594bfcb7b3c29d05eae2f9c41c8d83.jpg,epub,24591,,,R:\\0day\\eng14\\SFFEbook 150 Remaster\\Gregory Frost\\Gregory Frost - The Girlfriends of Dorian Gray.epub,,,,2014-11-17 10:57:44,2017-05-07 22:21:33
1180323,1EC3F97805C6351DE2D0B6B2298D3113,The Girlfriends of Dorian Gray,"Frost, Gregory",,,English,,,0,,,,,mobi,39468,,,R:\\0day\\eng14\\SFFEbook 150 Remaster\\Gregory Frost\\Gregory Frost - The Girlfriends of Dorian Gray.mobi,,,,2014-11-17 10:57:44,2017-05-07 22:21:33
1180324,D078A456919751FB14159E854B50784F,Beyond the Galactic Lens,"Kern, Gregory",Cap Kennedy 16,,English,,,0,,,,1180000/d078a456919751fb14159e854b50784f.jpg,epub,129357,,,R:\\0day\\eng14\\SFFEbook 150 Remaster\\Gregory Kern\\Gregory Kern - Cap Kennedy 16 - Beyond the Galactic Lens.epub,,,,2014-11-17 10:57:44,2017-05-07 22:21:33
1180325,F3CA2EBE43833BA001B15B37675D8C6F,Beyond the Galactic Lens,"Kern, Gregory",Cap Kennedy 16,,English,,,0,,,,1180000/f3ca2ebe43833ba001b15b37675d8c6f.jpg,mobi,186692,,,R:\\0day\\eng14\\SFFEbook 150 Remaster\\Gregory Kern\\Gregory Kern - Cap Kennedy 16 - Beyond the Galactic Lens.mobi,,,,2014-11-17 10:57:44,2017-05-07 22:21:33
1180326,D7573DDB148953AEBC07DDF3FFA1BB19,Magic Astray,"Mahan, Gregory L",Llandra 2,,English,2013,CDG Publishing,0,,,,1180000/d7573ddb148953aebc07ddf3ffa1bb19.jpg,mobi,556294,,,R:\\0day\\eng14\\SFFEbook 150 Remaster\\Gregory L. Mahan\\Gregory L. Mahan - Llandra 02 - Magic Astray.mobi,,,,2014-11-17 10:57:44,2017-05-07 22:21:33
1180327,CE3F8897F5CC9D3685F27D5B5B37EF96,Missing Sisters,"Maguire, Gregory",,,English,,,0,9780061919299,,,1180000/ce3f8897f5cc9d3685f27d5b5b37ef96.jpg,epub,137484,,,R:\\0day\\eng14\\SFFEbook 150 Remaster\\Gregory Maguire\\Gregory Maguire - Missing Sisters.epub,,,,2014-11-17 10:57:44,2017-05-07 22:21:33
1180328,B54607395230A5F5754CB6EC19CEB596,Missing Sisters,"Maguire, Gregory",,,English,,,0,9780061919299,,,1180000/b54607395230a5f5754cb6ec19ceb596.jpg,mobi,195460,,,R:\\0day\\eng14\\SFFEbook 150 Remaster\\Gregory Maguire\\Gregory Maguire - Missing Sisters.mobi,,,,2014-11-17 10:57:44,2017-05-07 22:21:33
1180329,1413F685D9993E998BF367D79254453F,The Wicked Collection,"Maguire, Gregory",Wicked Years 99,,English,2013,William Morrow Paperbacks,0,,,,1180000/1413f685d9993e998bf367d79254453f.jpg,epub,5893430,,,R:\\0day\\eng14\\SFFEbook 150 Remaster\\Gregory Maguire\\Gregory Maguire - Wicked Years 99 - The Wicked Collection.epub,,,,2014-11-17 10:57:44,2017-05-07 22:21:33
1180330,19F470F1C29FB039F0984801F06E3661,Household Tales by the Brothers Grimm,"Brothers, Grimm; Hunt, tr Margaret",Duke Classics,,English,,Duke Classics,0,9781620120644,,,1180000/19f470f1c29fb039f0984801f06e3661.jpg,mobi,1861841,,,R:\\0day\\eng14\\SFFEbook 150 Remaster\\Grimm Brothers\\Grimm Brothers - Household Tales by the Brothers Grimm # (tr Margaret Hunt) (Duke Classics).mobi,,,,2014-11-17 10:57:44,2017-05-07 22:21:33
1180331,E8DECADC399F2B4F515EA8D9D715E93E,Giants Unleashed,"Conklin, Groff (Editor)",,,English,,,0,,,,1180000/e8decadc399f2b4f515ea8d9d715e93e.jpg,epub,260583,,,R:\\0day\\eng14\\SFFEbook 150 Remaster\\Groff Conklin (ed)\\Groff Conklin (ed) - Giants Unleashed.epub,,,,2014-11-17 10:57:44,2017-05-07 22:21:33
1180332,6DDB8125EE746AC0CEC5913CD782D9AE,Giants Unleashed,"Conklin, Groff (Editor)",,,English,,,0,,,,1180000/6ddb8125ee746ac0cec5913cd782d9ae.jpg,mobi,375476,,,R:\\0day\\eng14\\SFFEbook 150 Remaster\\Groff Conklin (ed)\\Groff Conklin (ed) - Giants Unleashed.mobi,,,,2014-11-17 10:57:44,2017-05-07 22:21:33
1180333,81E9E3B70F50833D40C22E0BB8DEFC13,The Fall,"Toro, Guillermo Del; Hogan, Chuck",The Strain 2,,English,2010,HarperCollins Publishers,0,"9780007319497,9780007328604",,,1180000/81e9e3b70f50833d40c22e0bb8defc13.jpg,epub,1891737,,,R:\\0day\\eng14\\SFFEbook 150 Remaster\\Guillermo Del Toro & Chuck Hogan\\Guillermo Del Toro & Chuck Hogan - The Strain 02 - The Fall.epub,,,,2014-11-17 10:57:44,2017-05-07 22:21:33
1180334,BE1FE200D7FE09F47DFA6DDF8C1DA35F,The Afrika Reich,"Saville, Guy",Afrika Reich 1,,English,,,,,,,1180000/be1fe200d7fe09f47dfa6ddf8c1da35f.jpg,epub,779877,,,R:\\0day\\eng14\\SFFEbook 150 Remaster\\Guy Saville\\Guy Saville - The Afrika Reich.epub,,,,2014-11-17 10:57:44,2020-04-05 22:53:54
1180335,17102F09E8500DB17023E2DFAD391BF1,Spirit,"Jones, Gwyneth",,,English,2012,Microsoft,0,9781619760202,,,1180000/17102f09e8500db17023e2dfad391bf1.jpg,epub,461077,,,R:\\0day\\eng14\\SFFEbook 150 Remaster\\Gwyneth Jones\\Gwyneth Jones - Spirit.epub,,,,2014-11-17 10:57:44,2017-05-07 22:21:33
1180336,BDD5878CCA9FD16C894669FE9A98E676,Little Fuzzy,"Piper, H Beam",Fuzzy Papers 1; f-1,,English,1962,Avon,0,,,,1180000/bdd5878cca9fd16c894669fe9a98e676.jpg,epub,474522,,,R:\\0day\\eng14\\SFFEbook 150 Remaster\\H. Beam Piper\\H. Beam Piper - Fuzzy Papers 01 - Little Fuzzy.epub,,,,2014-11-17 10:57:44,2017-05-07 22:21:33
1180337,ADEA6C56AD553D8B2FA2BB48CBDB8F20,Zombie Youth Playground Politics,"Goodhue, H E",,,English,2012,CreateSpace Independent Publishing Platform,0,,,,1180000/adea6c56ad553d8b2fa2bb48cbdb8f20.jpg,epub,348316,,,R:\\0day\\eng14\\SFFEbook 150 Remaster\\H. E. Goodhue\\H. E. Goodhue - Zombie Youth Playground Politics.epub,,,,2014-11-17 10:57:44,2017-05-07 22:21:33
1180338,ED932BF5EC49EFCADE8094AA3DC0518A,Selected Stories of H. G. Wells,"Wells, H G; LeGuin, Ursula K (Editor)",,,English,2009,Random House Publishing Group,0,"081296831X,0812966457,0375760962,0375761187,081296750X,0375759239,0812970004,9780307431813",,,1180000/ed932bf5ec49efcade8094aa3dc0518a.jpg,epub,618263,,,R:\\0day\\eng14\\SFFEbook 150 Remaster\\H. G. Wells\\H. G. Wells - Selected Stories of H. G. Wells # Ursula K. LeGuin (ed) SSC (v5.0).epub,version: 5.0,,,2014-11-17 10:57:44,2017-05-07 22:21:33
1180339,261ECFA7E74CFA8DB7C034F5E248F94D,Selected Stories of H. G. Wells,"Wells, H G; LeGuin, Ursula K (Editor)",,,English,2003,Modern Library,0,"081296831X,0812966457,0375760962,0375761187,081296750X,0375759239,0812970004,9780307431813",,,1180000/261ecfa7e74cfa8db7c034f5e248f94d.jpg,epub,719208,,,R:\\0day\\eng14\\SFFEbook 150 Remaster\\H. G. Wells\\H. G. Wells - Selected Stories of H. G. Wells # Ursula K. LeGuin (ed) SSC.epub,,,,2014-11-17 10:57:44,2017-05-07 22:21:33
1180340,5464FC96C70D5F5140712A0A5E80651E,The Invisible Man,"Wells, H G",Signet Classics edition,,English,,"Penguin USA, Inc.",0,"9781101099421,0451528557,0451521919,0451528522,0451522761",,,1180000/5464fc96c70d5f5140712a0a5e80651e.jpg,epub,208718,,,R:\\0day\\eng14\\SFFEbook 150 Remaster\\H. G. Wells\\H. G. Wells - The Invisible Man # Signet Classics edition (v5.0).epub,version: 5.0,,,2014-11-17 10:57:44,2017-05-07 22:21:33
1180341,FFABC86B00E6CB33641D64B73EA0F6AC,The Island of Dr. Moreau,"Wells, H G",Penguin Classics; Penguin Classics edition,,English,2010,"Penguin Group USA, Inc.",0,,,,1180000/ffabc86b00e6cb33641d64b73ea0f6ac.jpg,epub,1757170,,,R:\\0day\\eng14\\SFFEbook 150 Remaster\\H. G. Wells\\H. G. Wells - The Island of Dr. Moreau # Penguin Classics edition (v5.0).epub,version: 5.0,,,2014-11-17 10:57:44,2017-05-07 22:21:33
1180342,B88FD8C391EBFE692EA0CD689A6E9118,The Island of Dr. Moreau,"Wells, H G",Signet Classics edition,,English,,"Penguin USA, Inc.",0,9781101154021,,,1180000/b88fd8c391ebfe692ea0cd689a6e9118.jpg,epub,251921,,,R:\\0day\\eng14\\SFFEbook 150 Remaster\\H. G. Wells\\H. G. Wells - The Island of Dr. Moreau # Signet Classics edition (v5.0).epub,version: 5.0,,,2014-11-17 10:57:44,2017-05-07 22:21:33
1180343,9703173089768B60FCC170D56C7DDEDB,The Stolen Bacillus and Other Incidents  (Short Story Collection),"Wells, H G",,,English,,The Floating Press,0,9781775410546,,,1180000/9703173089768b60fcc170d56c7ddedb.jpg,epub,177665,,,R:\\0day\\eng14\\SFFEbook 150 Remaster\\H. G. Wells\\H. G. Wells - The Stolen Bacillus and Other Incidents # SSC (v5.0).epub,version: 5.0,,,2014-11-17 10:57:44,2017-05-07 22:21:33
1180344,1EDA9675DA29EE9035E2B58B99465903,Perfect Murder,"Gold, H L",,,English,2011,Thrilling Wonder Stories,0,,,,1180000/1eda9675da29ee9035e2b58b99465903.jpg,epub,7644,,,R:\\0day\\eng14\\SFFEbook 150 Remaster\\H. L. Gold\\H. L. Gold - Perfect Murder.epub,,,,2014-11-17 10:57:44,2017-05-07 22:21:33
1180345,414B67BD132CE857F2319BDBA37728B7,Stone Prison,"Ward, H M",Twisted Tales 1; Macabre Gothic Tale,,English,2012,Laree Bailey Press,0,,,,1180000/414b67bd132ce857f2319bdba37728b7.jpg,epub,126544,,,R:\\0day\\eng14\\SFFEbook 150 Remaster\\H. M. Ward\\H. M. Ward - Twisted Tales 01 - Stone Prison.epub,,,,2014-11-17 10:57:44,2017-05-07 22:21:33
1180346,AE9C09F0AB52CD698A52EBD4408B84A3,Stone Prison,"Ward, H M",Twisted Tales 1; Macabre Gothic Tale,,English,2012,Laree Bailey Press,0,,,,1180000/ae9c09f0ab52cd698a52ebd4408b84a3.jpg,mobi,146040,,,R:\\0day\\eng14\\SFFEbook 150 Remaster\\H. M. Ward\\H. M. Ward - Twisted Tales 01 - Stone Prison.mobi,,,,2014-11-17 10:57:44,2017-05-07 22:21:33
1180347,E53F02F42E95657421064A76FBB8B2AC,Necronomicon-The Best Weird Tales of H. P. Lovecrat  (Short Story Collection),"Lovecraft, Howard Phillips",,,English,2008,Hachette Littlehampton,0,,,,1180000/e53f02f42e95657421064a76fbb8b2ac.jpg,epub,7537046,,,R:\\0day\\eng14\\SFFEbook 150 Remaster\\H. P. Lovecraft\\H. P. Lovecraft - Necronomicon-The Best Weird Tales of H. P. Lovecrat # SSC.epub,,,,2014-11-17 10:57:44,2017-05-07 22:21:33
1180348,15D12C5536010011791CEF1A1AB0541B,For Whom the Spell Tolls,"Mallory, H P",Dulcie O'Neil 6,,English,,,0,,,,1180000/15d12c5536010011791cef1a1ab0541b.jpg,epub,363194,,,R:\\0day\\eng14\\SFFEbook 150 Remaster\\H. P. Mallory\\H. P. Mallory - Dulcie O'Neil 06 - For Whom the Spell Tolls.epub,,,,2014-11-17 10:57:44,2017-05-07 22:21:33
1180349,1A97885C929BAA07612D61FAC7BD04B0,For Whom the Spell Tolls,"Mallory, H P",Dulcie O'Neil 6,,English,,,0,,,,1180000/1a97885c929baa07612d61fac7bd04b0.jpg,mobi,441682,,,R:\\0day\\eng14\\SFFEbook 150 Remaster\\H. P. Mallory\\H. P. Mallory - Dulcie O'Neil 06 - For Whom the Spell Tolls.mobi,,,,2014-11-17 10:57:44,2017-05-07 22:21:33
1180350,ACD6CB3BBD53AD72C2EB6A7F0D009E4F,Better Off Dead,"Mallory, H P",Lily Harper 1,,English,2013,,0,,,,1180000/acd6cb3bbd53ad72c2eb6a7f0d009e4f.jpg,epub,569614,,,R:\\0day\\eng14\\SFFEbook 150 Remaster\\H. P. Mallory\\H. P. Mallory - Lily Harper 01 - Better Off Dead.epub,,,,2014-11-17 10:57:44,2017-05-07 22:21:33
1180351,7278170DBC015D09F9C9806C8F643A36,From the Ashes,"Edwards, Hailey",,,English,,,0,9781595785244,,,1180000/7278170dbc015d09f9c9806c8f643a36.jpg,epub,79429,,,R:\\0day\\eng14\\SFFEbook 150 Remaster\\Hailey Edwards\\Hailey Edwards - From the Ashes.epub,,,,2014-11-17 10:57:44,2017-05-07 22:21:33
1180352,4A1D3975B6D7D085268351BB04B6BACF,From the Ashes,"Edwards, Hailey",,,English,,,0,9781595785244,,,,mobi,110818,,,R:\\0day\\eng14\\SFFEbook 150 Remaster\\Hailey Edwards\\Hailey Edwards - From the Ashes.mobi,,,,2014-11-17 10:57:44,2017-05-07 22:21:33
1180353,5A27F3B890F52ED3B9139E7E2C92F87F,Attitude,"Clement, Hal",,,English,,,0,,,,1180000/5a27f3b890f52ed3b9139e7e2c92f87f.jpg,epub,54981,,,R:\\0day\\eng14\\SFFEbook 150 Remaster\\Hal Clement\\Hal Clement - Attitude.epub,,,,2014-11-17 10:57:44,2017-05-07 22:21:33
1180354,C0618C046C3CAAF08824FE59BFD7042B,Attitude,"Clement, Hal",,,English,,,0,,,,,mobi,92888,,,R:\\0day\\eng14\\SFFEbook 150 Remaster\\Hal Clement\\Hal Clement - Attitude.mobi,,,,2014-11-17 10:57:44,2017-05-07 22:21:33
1180355,53BF25CD818E4A7B556790B1F444C686,Avenue of Escape,"Clement, Hal",,,English,,,0,,,,1180000/53bf25cd818e4a7b556790b1f444c686.jpg,epub,5084,,,R:\\0day\\eng14\\SFFEbook 150 Remaster\\Hal Clement\\Hal Clement - Avenue of Escape.epub,,,,2014-11-17 10:57:44,2017-05-07 22:21:33
1180356,078BA701272C221B3EBDD026BC1E052E,Avenue of Escape,"Clement, Hal",,,English,,,0,,,,,mobi,11582,,,R:\\0day\\eng14\\SFFEbook 150 Remaster\\Hal Clement\\Hal Clement - Avenue of Escape.mobi,,,,2014-11-17 10:57:44,2017-05-07 22:21:33
1180357,044D2F5892095F52E4A940FA1DBC6911,Blot,"Clement, Hal",,,English,,,0,,,,1180000/044d2f5892095f52e4a940fa1dbc6911.jpg,epub,26692,,,R:\\0day\\eng14\\SFFEbook 150 Remaster\\Hal Clement\\Hal Clement - Blot.epub,,,,2014-11-17 10:57:44,2017-05-07 22:21:33
1180358,B91377E2216B92C5269A6BE4C6FD7084,Blot,"Clement, Hal",,,English,,,0,,,,,mobi,46142,,,R:\\0day\\eng14\\SFFEbook 150 Remaster\\Hal Clement\\Hal Clement - Blot.mobi,,,,2014-11-17 10:57:44,2017-05-07 22:21:33
1180359,10C2967F9C7BF1FBD5FBF5A84354EA68,Cold Front,"Clement, Hal",,,English,,,0,,,,1180000/10c2967f9c7bf1fbd5fbf5a84354ea68.jpg,epub,44192,,,R:\\0day\\eng14\\SFFEbook 150 Remaster\\Hal Clement\\Hal Clement - Cold Front.epub,,,,2014-11-17 10:57:44,2017-05-07 22:21:33
1180360,FD82CD92241A807F57961DED11B9B634,Cold Front,"Clement, Hal",,,English,,,0,,,,,mobi,75218,,,R:\\0day\\eng14\\SFFEbook 150 Remaster\\Hal Clement\\Hal Clement - Cold Front.mobi,,,,2014-11-17 10:57:44,2017-05-07 22:21:33
1180361,33AF12BCDC52819C4C2DEDA64DE92B42,Critical Factor,"Clement, Hal",,,English,,,0,,,,1180000/33af12bcdc52819c4c2deda64de92b42.jpg,epub,17002,,,R:\\0day\\eng14\\SFFEbook 150 Remaster\\Hal Clement\\Hal Clement - Critical Factor.epub,,,,2014-11-17 10:57:44,2017-05-07 22:21:33
1180362,CE54D61A2E1E467E2E66CF6DAC573F36,Critical Factor,"Clement, Hal",,,English,,,0,,,,,mobi,29788,,,R:\\0day\\eng14\\SFFEbook 150 Remaster\\Hal Clement\\Hal Clement - Critical Factor.mobi,,,,2014-11-17 10:57:44,2017-05-07 22:21:33
1180363,23BBA447BC2B624ABC05EB97F146CA81,Exchange Rate,"Clement, Hal",,,English,,,0,,,,1180000/23bba447bc2b624abc05eb97f146ca81.jpg,epub,60236,,,R:\\0day\\eng14\\SFFEbook 150 Remaster\\Hal Clement\\Hal Clement - Exchange Rate.epub,,,,2014-11-17 10:57:44,2017-05-07 22:21:33
1180364,F9A473017B0BC92735813E4626F4A5EA,Exchange Rate,"Clement, Hal",,,English,,,0,,,,,mobi,106020,,,R:\\0day\\eng14\\SFFEbook 150 Remaster\\Hal Clement\\Hal Clement - Exchange Rate.mobi,,,,2014-11-17 10:57:44,2017-05-07 22:21:33
1180365,D1BB7E35E688566155F1CFFBBD9525FA,Fireproof,"Clement, Hal",,,English,,,0,,,,1180000/d1bb7e35e688566155f1cffbbd9525fa.jpg,epub,18161,,,R:\\0day\\eng14\\SFFEbook 150 Remaster\\Hal Clement\\Hal Clement - Fireproof.epub,,,,2014-11-17 10:57:44,2017-05-07 22:21:33
1180366,F95B85F037659F60D453C4AFD8E338C7,Fireproof,"Clement, Hal",,,English,,,0,,,,,mobi,31930,,,R:\\0day\\eng14\\SFFEbook 150 Remaster\\Hal Clement\\Hal Clement - Fireproof.mobi,,,,2014-11-17 10:57:44,2017-05-07 22:21:33
1180367,C3FD1090765B247058E5A33B7D1DB1C8,Ground,"Clement, Hal",,,English,,,0,,,,1180000/c3fd1090765b247058e5a33b7d1db1c8.jpg,epub,16289,,,R:\\0day\\eng14\\SFFEbook 150 Remaster\\Hal Clement\\Hal Clement - Ground.epub,,,,2014-11-17 10:57:44,2017-05-07 22:21:33
1180368,9257C41B0BF49CAC986F05C7AC9192EE,Ground,"Clement, Hal",,,English,,,0,,,,,mobi,28770,,,R:\\0day\\eng14\\SFFEbook 150 Remaster\\Hal Clement\\Hal Clement - Ground.mobi,,,,2014-11-17 10:57:44,2017-05-07 22:21:33
1180369,4C3351FFC301D3073F0BD13A196593F0,Halo,"Clement, Hal",,,English,,,0,,,,1180000/4c3351ffc301d3073f0bd13a196593f0.jpg,epub,18975,,,R:\\0day\\eng14\\SFFEbook 150 Remaster\\Hal Clement\\Hal Clement - Halo.epub,,,,2014-11-17 10:57:44,2017-05-07 22:21:33
1180370,8CFAFBF56C0D71FDF4D2E2102C96C516,Halo,"Clement, Hal",,,English,,,0,,,,,mobi,34872,,,R:\\0day\\eng14\\SFFEbook 150 Remaster\\Hal Clement\\Hal Clement - Halo.mobi,,,,2014-11-17 10:57:44,2017-05-07 22:21:33
1180371,1D67FA8F973F609C38658F4D6E1BC8BC,Hot Planet,"Clement, Hal",,,English,,,0,,,,1180000/1d67fa8f973f609c38658f4d6e1bc8bc.jpg,epub,27179,,,R:\\0day\\eng14\\SFFEbook 150 Remaster\\Hal Clement\\Hal Clement - Hot Planet.epub,,,,2014-11-17 10:57:44,2017-05-07 22:21:33
1180372,BAC000CB72B296DC44CC0C310842B633,Hot Planet,"Clement, Hal",,,English,,,0,,,,,mobi,41702,,,R:\\0day\\eng14\\SFFEbook 150 Remaster\\Hal Clement\\Hal Clement - Hot Planet.mobi,,,,2014-11-17 10:57:44,2017-05-07 22:21:33
1180373,6608593A43506D58FC2AD87E13D287B9,Longline,"Clement, Hal",,,English,,,0,,,,1180000/6608593a43506d58fc2ad87e13d287b9.jpg,epub,30659,,,R:\\0day\\eng14\\SFFEbook 150 Remaster\\Hal Clement\\Hal Clement - Longline.epub,,,,2014-11-17 10:57:44,2017-05-07 22:21:33
1180374,C094CC8201D30AD78447706D65444579,Longline,"Clement, Hal",,,English,,,0,,,,,mobi,52840,,,R:\\0day\\eng14\\SFFEbook 150 Remaster\\Hal Clement\\Hal Clement - Longline.mobi,,,,2014-11-17 10:57:44,2017-05-07 22:21:33
1180375,839C32DBBD6FB92F47B7871CDC9C75C0,Lecture Demonstration,"Clement, Hal",Mesklin 1.1,,English,,,0,,,,1180000/839c32dbbd6fb92f47b7871cdc9c75c0.jpg,epub,19369,,,R:\\0day\\eng14\\SFFEbook 150 Remaster\\Hal Clement\\Hal Clement - Mesklin 01.1 - Lecture Demonstration.epub,,,,2014-11-17 10:57:44,2017-05-07 22:21:33
1180376,379F0FC2FB763FAECD93907BB00B8E5B,Lecture Demonstration,"Clement, Hal",Mesklin 1.1,,English,,,0,,,,,mobi,35238,,,R:\\0day\\eng14\\SFFEbook 150 Remaster\\Hal Clement\\Hal Clement - Mesklin 01.1 - Lecture Demonstration.mobi,,,,2014-11-17 10:57:44,2017-05-07 22:21:33
1180377,A075B06D0F9E93EABF5A8ED71B9600CE,Under,"Clement, Hal",Mesklin 1.5,,English,,,0,,,,1180000/a075b06d0f9e93eabf5a8ed71b9600ce.jpg,epub,53444,,,R:\\0day\\eng14\\SFFEbook 150 Remaster\\Hal Clement\\Hal Clement - Mesklin 01.5 - Under.epub,,,,2014-11-17 10:57:44,2017-05-07 22:21:33
1180378,00FE86E8BAA14DA8AA8B67E6EC32084C,Under,"Clement, Hal",Mesklin 1.5,,English,,,0,,,,,mobi,91468,,,R:\\0day\\eng14\\SFFEbook 150 Remaster\\Hal Clement\\Hal Clement - Mesklin 01.5 - Under.mobi,,,,2014-11-17 10:57:44,2017-05-07 22:21:33
1180379,1F4DC25AF7DE79AC29FC89DBB8A0444A,Oh Natural,"Clement, Hal",,,English,,,0,,,,1180000/1f4dc25af7de79ac29fc89dbb8a0444a.jpg,epub,35823,,,R:\\0day\\eng14\\SFFEbook 150 Remaster\\Hal Clement\\Hal Clement - Oh Natural.epub,,,,2014-11-17 10:57:44,2017-05-07 22:21:33
1180380,AA346078DAFAA34697199DFF9EBFC665,Oh Natural,"Clement, Hal",,,English,,,0,,,,,mobi,61206,,,R:\\0day\\eng14\\SFFEbook 150 Remaster\\Hal Clement\\Hal Clement - Oh Natural.mobi,,,,2014-11-17 10:57:44,2017-05-07 22:21:33
1180381,2B7C77A079BBD14F738512511F360617,Proof,"Clement, Hal",,,English,,,0,,,,1180000/2b7c77a079bbd14f738512511f360617.jpg,epub,19117,,,R:\\0day\\eng14\\SFFEbook 150 Remaster\\Hal Clement\\Hal Clement - Proof.epub,,,,2014-11-17 10:57:44,2017-05-07 22:21:33
1180382,2C7CBF996A0463D5805072E73C5175D2,Proof,"Clement, Hal",,,English,,,0,,,,,mobi,33048,,,R:\\0day\\eng14\\SFFEbook 150 Remaster\\Hal Clement\\Hal Clement - Proof.mobi,,,,2014-11-17 10:57:44,2017-05-07 22:21:33
1180383,E1C89C10991BE3DF849197911F25D871,Seasoning,"Clement, Hal",,,English,,,0,,,,1180000/e1c89c10991be3df849197911f25d871.jpg,epub,33442,,,R:\\0day\\eng14\\SFFEbook 150 Remaster\\Hal Clement\\Hal Clement - Seasoning.epub,,,,2014-11-17 10:57:44,2017-05-07 22:21:33
1180384,AA0E3465A9F401768AC815014DD5CD11,Seasoning,"Clement, Hal",,,English,,,0,,,,,mobi,56442,,,R:\\0day\\eng14\\SFFEbook 150 Remaster\\Hal Clement\\Hal Clement - Seasoning.mobi,,,,2014-11-17 10:57:44,2017-05-07 22:21:33
1180385,26740B1AA8D3238758B1B777C8191B3D,Sortie,"Clement, Hal",,,English,,,0,,,,1180000/26740b1aa8d3238758b1b777c8191b3d.jpg,epub,34849,,,R:\\0day\\eng14\\SFFEbook 150 Remaster\\Hal Clement\\Hal Clement - Sortie.epub,,,,2014-11-17 10:57:44,2017-05-07 22:21:33
1180386,1936B8DE161AA79D8A724B8AB185C7C2,Sortie,"Clement, Hal",,,English,,,0,,,,,mobi,59726,,,R:\\0day\\eng14\\SFFEbook 150 Remaster\\Hal Clement\\Hal Clement - Sortie.mobi,,,,2014-11-17 10:57:44,2017-05-07 22:21:33
1180387,575B5FFD4633F66E057F4D7773F37E91,Status Symbol,"Clement, Hal",,,English,,,0,,,,1180000/575b5ffd4633f66e057f4d7773f37e91.jpg,epub,37041,,,R:\\0day\\eng14\\SFFEbook 150 Remaster\\Hal Clement\\Hal Clement - Status Symbol.epub,,,,2014-11-17 10:57:44,2017-05-07 22:21:33
1180388,B4C516D842027E43CE015107639058D6,Status Symbol,"Clement, Hal",,,English,,,0,,,,,mobi,64468,,,R:\\0day\\eng14\\SFFEbook 150 Remaster\\Hal Clement\\Hal Clement - Status Symbol.mobi,,,,2014-11-17 10:57:44,2017-05-07 22:21:33
1180389,19B0106A168B6443D2F01085394B4449,Sunspot,"Clement, Hal",,,English,,,0,,,,1180000/19b0106a168b6443d2f01085394b4449.jpg,epub,23873,,,R:\\0day\\eng14\\SFFEbook 150 Remaster\\Hal Clement\\Hal Clement - Sunspot.epub,,,,2014-11-17 10:57:44,2017-05-07 22:21:33
1180390,FA13BC76DDA73B756F387FB0D8F436A2,Sunspot,"Clement, Hal",,,English,,,0,,,,,mobi,40928,,,R:\\0day\\eng14\\SFFEbook 150 Remaster\\Hal Clement\\Hal Clement - Sunspot.mobi,,,,2014-11-17 10:57:44,2017-05-07 22:21:33
1180391,A0E3C43615E80DC7683BFBE657D2F861,The Creation of Imaginary Beings,"Clement, Hal",,,English,,,0,,,,1180000/a0e3c43615e80dc7683bfbe657d2f861.jpg,epub,18530,,,R:\\0day\\eng14\\SFFEbook 150 Remaster\\Hal Clement\\Hal Clement - The Creation of Imaginary Beings.epub,,,,2014-11-17 10:57:44,2017-05-07 22:21:33
1180392,98AE4DBA381779C48B92D123517176C7,The Creation of Imaginary Beings,"Clement, Hal",,,English,,,0,,,,,mobi,31860,,,R:\\0day\\eng14\\SFFEbook 150 Remaster\\Hal Clement\\Hal Clement - The Creation of Imaginary Beings.mobi,,,,2014-11-17 10:57:44,2017-05-07 22:21:33
1180393,B319A4C867F9B5F473A1AD023C2DA263,The Foundling Stars,"Clement, Hal",,,English,,,0,,,,1180000/b319a4c867f9b5f473a1ad023c2da263.jpg,epub,17074,,,R:\\0day\\eng14\\SFFEbook 150 Remaster\\Hal Clement\\Hal Clement - The Foundling Stars.epub,,,,2014-11-17 10:57:44,2017-05-07 22:21:33
1180394,6B4A17255B847C8DC9196B9A1A9D3013,The Foundling Stars,"Clement, Hal",,,English,,,0,,,,,mobi,30864,,,R:\\0day\\eng14\\SFFEbook 150 Remaster\\Hal Clement\\Hal Clement - The Foundling Stars.mobi,,,,2014-11-17 10:57:44,2017-05-07 22:21:33
1180395,E25F079D6226805502927EF51E954918,The Green World,"Clement, Hal",,,English,,,0,,,,1180000/e25f079d6226805502927ef51e954918.jpg,epub,67892,,,R:\\0day\\eng14\\SFFEbook 150 Remaster\\Hal Clement\\Hal Clement - The Green World.epub,,,,2014-11-17 10:57:44,2017-05-07 22:21:33
1180396,AAD18C09A7B542B1CE39AD72978CFFA3,The Green World,"Clement, Hal",,,English,,,0,,,,,mobi,98372,,,R:\\0day\\eng14\\SFFEbook 150 Remaster\\Hal Clement\\Hal Clement - The Green World.mobi,,,,2014-11-17 10:57:44,2017-05-07 22:21:33
1180397,2298047CE8F4C8E52B6CDE9BF420DEBC,The Logical Life,"Clement, Hal",,,English,,,0,,,,1180000/2298047ce8f4c8e52b6cde9bf420debc.jpg,epub,19853,,,R:\\0day\\eng14\\SFFEbook 150 Remaster\\Hal Clement\\Hal Clement - The Logical Life.epub,,,,2014-11-17 10:57:44,2017-05-07 22:21:33
1180398,C55E7581C29A307AD82D071B699DA641,The Logical Life,"Clement, Hal",,,English,,,0,,,,,mobi,34658,,,R:\\0day\\eng14\\SFFEbook 150 Remaster\\Hal Clement\\Hal Clement - The Logical Life.mobi,,,,2014-11-17 10:57:44,2017-05-07 22:21:33
1180399,2BFA78FFC126E30026257127DA7140AA,The Lunar Lichen,"Clement, Hal",,,English,,,0,,,,1180000/2bfa78ffc126e30026257127da7140aa.jpg,epub,40111,,,R:\\0day\\eng14\\SFFEbook 150 Remaster\\Hal Clement\\Hal Clement - The Lunar Lichen.epub,,,,2014-11-17 10:57:44,2017-05-07 22:21:33
1180400,AD1077DE0603E17F67FBF69562BD9D4D,The Lunar Lichen,"Clement, Hal",,,English,,,0,,,,,mobi,62070,,,R:\\0day\\eng14\\SFFEbook 150 Remaster\\Hal Clement\\Hal Clement - The Lunar Lichen.mobi,,,,2014-11-17 10:57:44,2017-05-07 22:21:33
1180401,707D1F2EED36101F26F651661DD803BA,Trojan Fall,"Clement, Hal",,,English,,,0,,,,1180000/707d1f2eed36101f26f651661dd803ba.jpg,epub,16779,,,R:\\0day\\eng14\\SFFEbook 150 Remaster\\Hal Clement\\Hal Clement - Trojan Fall.epub,,,,2014-11-17 10:57:44,2017-05-07 22:21:33
1180402,0D5706BB9C4FC0C9BF80B9558ACC5094,Trojan Fall,"Clement, Hal",,,English,,,0,,,,,mobi,29514,,,R:\\0day\\eng14\\SFFEbook 150 Remaster\\Hal Clement\\Hal Clement - Trojan Fall.mobi,,,,2014-11-17 10:57:44,2017-05-07 22:21:33
1180403,44A08FF1E7E5F92C59C502ACA1A71F3F,Die! Vampire! Die!,"Duncan, Hal",,,English,,,0,,,,1180000/44a08ff1e7e5f92c59c502aca1a71f3f.jpg,epub,38833,,,R:\\0day\\eng14\\SFFEbook 150 Remaster\\Hal Duncan\\Hal Duncan - Die! Vampire! Die!.epub,,,,2014-11-17 10:57:44,2017-05-07 22:21:33
1180404,6EE719523A04763747BBFF31C79F346C,Die! Vampire! Die!,"Duncan, Hal",,,English,,,0,,,,,mobi,70966,,,R:\\0day\\eng14\\SFFEbook 150 Remaster\\Hal Duncan\\Hal Duncan - Die! Vampire! Die!.mobi,,,,2014-11-17 10:57:44,2017-05-07 22:21:33
1180405,C3CEEA48572916253A352EEC60792C23,Violent eRa,"Duncan, Hal",,,English,,,0,,,,1180000/c3ceea48572916253a352eec60792c23.jpg,epub,25690,,,R:\\0day\\eng14\\SFFEbook 150 Remaster\\Hal Duncan\\Hal Duncan - Violent eRa.epub,,,,2014-11-17 10:57:44,2017-05-07 22:21:33
1180406,0A5407FB7FB33904F5A6B714E1F9BD33,Violent eRa,"Duncan, Hal",,,English,,,0,,,,,mobi,44806,,,R:\\0day\\eng14\\SFFEbook 150 Remaster\\Hal Duncan\\Hal Duncan - Violent eRa.mobi,,,,2014-11-17 10:57:44,2017-05-07 22:21:33
1180407,6B6222BFFBCBC8EC7322FE3BE8877201,Primordium,"Bear, Greg",Halo; Forerunner Saga 2,,English,2012,Macmillan,0,9781429986380,,,1180000/6b6222bffbcbc8ec7322fe3be8877201.jpg,mobi,494772,,,R:\\0day\\eng14\\SFFEbook 150 Remaster\\Halo\\Halo - Forerunner Saga 02 - Primordium # Greg Bear (v5.0).mobi,version: 5.0,,,2014-11-17 10:57:44,2017-05-07 22:21:33
1180408,3544A075042C8A59863839394DD4A6B5,Silentium,"Bear, Greg",Halo; Forerunner Saga 3,,English,2013,Tor Books,0,,,,1180000/3544a075042c8a59863839394dd4a6b5.jpg,epub,234620,,,R:\\0day\\eng14\\SFFEbook 150 Remaster\\Halo\\Halo - Forerunner Saga 03 - Silentium # Greg Bear.epub,,,,2014-11-17 10:57:44,2017-05-07 22:21:33
1180409,9F5F885634B8C4314A14B8E5210767FE,The Fall of Reach,"Nylund, Eric",Halo; Halo 1,,English,2001,Del Rey,0,"9780765328328,9781429968737",,,1180000/9f5f885634b8c4314a14b8e5210767fe.jpg,epub,1531307,,,R:\\0day\\eng14\\SFFEbook 150 Remaster\\Halo\\Halo - Halo 01 - The Fall of Reach # Eric Nylund (v5.0).epub,version: 5.0,,,2014-11-17 10:57:44,2017-05-07 22:21:33
1180410,A68C53C45A86F09F0B088387E3EECF79,The Flood,"Dietz, William C",Halo; Halo 2,,English,2003,"Random House, Inc.",0,0345463579,,,1180000/a68c53c45a86f09f0b088387e3eecf79.jpg,epub,350743,,,R:\\0day\\eng14\\SFFEbook 150 Remaster\\Halo\\Halo - Halo 02 - The Flood # William C. Dietz.epub,,,,2014-11-17 10:57:44,2017-05-07 22:21:33
1180411,8F50036FBC4665B78AFC807AC76E2B5C,The Cole Protocol,"Buckell, Tobias S",Halo; Halo 6,,English,2008,Macmillan,0,"9781429955638,1429955635",,,1180000/8f50036fbc4665b78afc807ac76e2b5c.jpg,mobi,810096,,,R:\\0day\\eng14\\SFFEbook 150 Remaster\\Halo\\Halo - Halo 06 - The Cole Protocol # Tobias S. Buckell (v5.0).mobi,version: 5.0,,,2014-11-17 10:57:44,2017-05-07 22:21:33
1180412,FCB1CBE134098087342A81411CB8862D,The Cole Protocol,"Buckell, Tobias S",Halo; Halo 6,,English,2008,Macmillan,0,,,,1180000/fcb1cbe134098087342a81411cb8862d.jpg,epub,419234,,,R:\\0day\\eng14\\SFFEbook 150 Remaster\\Halo\\Halo - Halo 06 - The Cole Protocol # Tobias S. Buckell.epub,,,,2014-11-17 10:57:44,2017-05-07 22:21:33
1180413,F0BC8DD4115E5177E46E1C58633E6EF4,Glasslands,"Traviss, Karen",Halo; Kilo-Five 1,,English,,Tom Doherty Associates,0,9781429997133,,,1180000/f0bc8dd4115e5177e46e1c58633e6ef4.jpg,epub,529352,,,R:\\0day\\eng14\\SFFEbook 150 Remaster\\Halo\\Halo - Kilo-Five 01 - Glasslands # Karen Traviss (v5.0).epub,version: 5.0,,,2014-11-17 10:57:44,2017-05-07 22:21:33
1180414,CE5D019FD899A3DCE1123F933C8C4C09,The Thursday War,"Traviss, Karen",Halo; Kilo-Five 2,,English,,A Tom Doherty Associates Book,0,"9780765333636,9780765323941,9781429997140",,,1180000/ce5d019fd899a3dce1123f933c8c4c09.jpg,epub,969815,,,R:\\0day\\eng14\\SFFEbook 150 Remaster\\Halo\\Halo - Kilo-Five 02 - The Thursday War # Karen Traviss (v5.0).epub,version: 5.0,,,2014-11-17 10:57:44,2017-05-07 22:21:33
1180415,D09291A973D958AA7230DEC4A65A4A67,The Thursday War,"Traviss, Karen",Halo; Kilo-Five 2,,English,2012,Macmillan,0,"9780765333636,9780765323941,9781429997140",,,1180000/d09291a973d958aa7230dec4a65a4a67.jpg,epub,709153,,,R:\\0day\\eng14\\SFFEbook 150 Remaster\\Halo\\Halo - Kilo-Five 02 - The Thursday War # Karen Traviss.epub,,,,2014-11-17 10:57:44,2017-05-07 22:21:33
1180416,AEA21848B9A16947760DC481BBD41D15,Deus Ex Homine,"Rajaniemi, Hannu",,,English,,,0,,,,1180000/aea21848b9a16947760dc481bbd41d15.jpg,epub,15917,,,R:\\0day\\eng14\\SFFEbook 150 Remaster\\Hannu Rajaniemi\\Hannu Rajaniemi - Deus Ex Homine.epub,,,,2014-11-17 10:57:44,2017-05-07 22:21:33
1180417,6B9B6A30B27578FFE1997E719F3E1812,Deus Ex Homine,"Rajaniemi, Hannu",,,English,,,0,,,,,mobi,29220,,,R:\\0day\\eng14\\SFFEbook 150 Remaster\\Hannu Rajaniemi\\Hannu Rajaniemi - Deus Ex Homine.mobi,,,,2014-11-17 10:57:44,2017-05-07 22:21:33
1180418,5760DF2A3665228FCC5E9A3E29803BC6,Elegy for a Young Elk,"Rajaniemi, Hannu",,,English,,,0,,,,1180000/5760df2a3665228fcc5e9a3e29803bc6.jpg,epub,18375,,,R:\\0day\\eng14\\SFFEbook 150 Remaster\\Hannu Rajaniemi\\Hannu Rajaniemi - Elegy for a Young Elk.epub,,,,2014-11-17 10:57:44,2017-05-07 22:21:33
1180419,5D7A90234A2476CACB2A676FF79AA12B,Elegy for a Young Elk,"Rajaniemi, Hannu",,,English,,,0,,,,,mobi,32660,,,R:\\0day\\eng14\\SFFEbook 150 Remaster\\Hannu Rajaniemi\\Hannu Rajaniemi - Elegy for a Young Elk.mobi,,,,2014-11-17 10:57:44,2017-05-07 22:21:33
1180420,B269C821BA03E2CDE3E71C406D868377,His Master's Voice,"Rajaniemi, Hannu",,,English,,,0,,,,1180000/b269c821ba03e2cde3e71c406d868377.jpg,epub,16318,,,R:\\0day\\eng14\\SFFEbook 150 Remaster\\Hannu Rajaniemi\\Hannu Rajaniemi - His Master's Voice.epub,,,,2014-11-17 10:57:44,2017-05-07 22:21:33
1180421,4CD205174E181ECEB19A7DCBB05A2057,His Master's Voice,"Rajaniemi, Hannu",,,English,,,0,,,,,mobi,29996,,,R:\\0day\\eng14\\SFFEbook 150 Remaster\\Hannu Rajaniemi\\Hannu Rajaniemi - His Master's Voice.mobi,,,,2014-11-17 10:57:44,2017-05-07 22:21:33
1180422,890D247DF449CAFF9B615A03236960BF,The Fractal Prince,"Rajaniemi, Hannu",Quantum Thief 2,,English,,Hachette Littlehampton,0,,,,1180000/890d247df449caff9b615a03236960bf.jpg,epub,411223,,,R:\\0day\\eng14\\SFFEbook 150 Remaster\\Hannu Rajaniemi\\Hannu Rajaniemi - Quantum Thief 02 - The Fractal Prince.epub,,,,2014-11-17 10:57:44,2017-05-07 22:21:33
1180423,EA80E852423E9DD91AFF07E1ED053570,The Fractal Prince,"Rajaniemi, Hannu",Quantum Thief 2,,English,,,0,,,,1180000/ea80e852423e9dd91aff07e1ed053570.jpg,mobi,531337,,,R:\\0day\\eng14\\SFFEbook 150 Remaster\\Hannu Rajaniemi\\Hannu Rajaniemi - Quantum Thief 02 - The Fractal Prince.mobi,,,,2014-11-17 10:57:44,2017-05-07 22:21:33
1180424,C255AFA759AABD6485A3945D9A7596B0,High-Frequency War,"Vincent, Harl",,,English,,,0,,,,1180000/c255afa759aabd6485a3945d9a7596b0.jpg,epub,18178,,,R:\\0day\\eng14\\SFFEbook 150 Remaster\\Harl Vincent\\Harl Vincent - High-Frequency War.epub,,,,2014-11-17 10:57:44,2017-05-07 22:21:33
1180425,66191A63E7DACA2ED1D7519E1E30C61E,High-Frequency War,"Vincent, Harl",,,English,,,0,,,,,mobi,29414,,,R:\\0day\\eng14\\SFFEbook 150 Remaster\\Harl Vincent\\Harl Vincent - High-Frequency War.mobi,,,,2014-11-17 10:57:44,2017-05-07 22:21:33
1180426,8A0FE153A8B62EEC3E035F886838CDF5,Microcosmic Buccaneers,"Vincent, Harl",,,English,,,0,,,,1180000/8a0fe153a8b62eec3e035f886838cdf5.jpg,epub,18185,,,R:\\0day\\eng14\\SFFEbook 150 Remaster\\Harl Vincent\\Harl Vincent - Microcosmic Buccaneers.epub,,,,2014-11-17 10:57:44,2017-05-07 22:21:33
1180427,E87808EB6C6CA5CF4A42CFFD5792F710,Microcosmic Buccaneers,"Vincent, Harl",,,English,,,0,,,,,mobi,29418,,,R:\\0day\\eng14\\SFFEbook 150 Remaster\\Harl Vincent\\Harl Vincent - Microcosmic Buccaneers.mobi,,,,2014-11-17 10:57:44,2017-05-07 22:21:33
1180428,57AD411A666417B6DD5F388E065D62A9,Terrors Unseen,"Vincent, Harl",,,English,,,0,,,,1180000/57ad411a666417b6dd5f388e065d62a9.jpg,epub,33425,,,R:\\0day\\eng14\\SFFEbook 150 Remaster\\Harl Vincent\\Harl Vincent - Terrors Unseen.epub,,,,2014-11-17 10:57:44,2017-05-07 22:21:33
1180429,98042A61D3FD8404A50DF7C82A42E948,Terrors Unseen,"Vincent, Harl",,,English,,,0,,,,,mobi,47196,,,R:\\0day\\eng14\\SFFEbook 150 Remaster\\Harl Vincent\\Harl Vincent - Terrors Unseen.mobi,,,,2014-11-17 10:57:44,2017-05-07 22:21:33
1180430,7D4CE3B4471FD17679026B70E262E94E,Too Many Boards,"Vincent, Harl",,,English,,,0,,,,1180000/7d4ce3b4471fd17679026b70e262e94e.jpg,epub,23574,,,R:\\0day\\eng14\\SFFEbook 150 Remaster\\Harl Vincent\\Harl Vincent - Too Many Boards.epub,,,,2014-11-17 10:57:44,2017-05-07 22:21:33
1180431,BB545B4D8641368DF0A598CCEF4A12F5,Too Many Boards,"Vincent, Harl",,,English,,,0,,,,,mobi,40066,,,R:\\0day\\eng14\\SFFEbook 150 Remaster\\Harl Vincent\\Harl Vincent - Too Many Boards.mobi,,,,2014-11-17 10:57:44,2017-05-07 22:21:33
1180432,DE2156D3E43C497EB78D758A4C312556,I Have No Mouth & I Must Scream  (Short Story Collection),"Ellison, Harlan",,,English,1982,E-Reads,0,"0759286620,9780759286627",,,1180000/de2156d3e43c497eb78d758a4c312556.jpg,epub,639773,,,R:\\0day\\eng14\\SFFEbook 150 Remaster\\Harlan Ellison\\Harlan Ellison - I Have No Mouth & I Must Scream # SSC (v5.0).epub,version: 5.0,,,2014-11-17 10:57:44,2017-05-07 22:21:33
1180433,F67F6232CE25D9F6B852B9E12E83E126,Paingod and Other Delusions  (Short Story Collection),"Ellison, Harlan",,,English,1974,ereads.com,0,"0759286582,9780759286580",,,1180000/f67f6232ce25d9f6b852b9e12e83e126.jpg,epub,667508,,,R:\\0day\\eng14\\SFFEbook 150 Remaster\\Harlan Ellison\\Harlan Ellison - Paingod and Other Delusions # SSC (v5.0).epub,version: 5.0,,,2014-11-17 10:57:44,2017-05-07 22:21:33
1180434,D1733CEAFA103C46D1B546C95E826FBC,The Zombies of Lake Woebegotten,"Geillor, Harrison",Lake Woebegotten 1,,English,2010,Night Shade Books,0,9781597801966,,,1180000/d1733ceafa103c46d1b546c95e826fbc.jpg,epub,427995,,,R:\\0day\\eng14\\SFFEbook 150 Remaster\\Harrison Geillor\\Harrison Geillor - Lake Woebegotten 01 - The Zombies of Lake Woebegotten # (v5.0).epub,version: 5.0,,,2014-11-17 10:57:44,2017-05-07 22:21:33
1180435,66423C0CE18977361431E91DEE113873,The Zombies of Lake Woebegotten,"Geillor, Harrison",Lake Woebegotten 1,,English,2010,Night Shade Books,0,9781597801966,,,1180000/66423c0ce18977361431e91dee113873.jpg,mobi,425020,,,R:\\0day\\eng14\\SFFEbook 150 Remaster\\Harrison Geillor\\Harrison Geillor - Lake Woebegotten 01 - The Zombies of Lake Woebegotten # (v5.0).mobi,version: 5.0,,,2014-11-17 10:57:44,2017-05-07 22:21:33
1180436,4F1C5D3851C0C87DAB7346C90A8D22EA,Heaven's Night,"Aderton, Harry",,,English,2013,"Aderton Prime, LLC",0,9780985324315,,,1180000/4f1c5d3851c0c87dab7346c90a8d22ea.jpg,epub,404730,,,R:\\0day\\eng14\\SFFEbook 150 Remaster\\Harry Aderton\\Harry Aderton - Heaven's Night.epub,,,,2014-11-17 10:57:44,2017-05-07 22:21:33
1180437,518D7FF4470982BF404CAA7D8095D4D3,Twenty Palaces,"Connolly, Harry",Twenty Palaces ,,English,,,0,,,,1180000/518d7ff4470982bf404caa7d8095d4d3.jpg,epub,378154,,,R:\\0day\\eng14\\SFFEbook 150 Remaster\\Harry Connolly\\Harry Connolly - Twenty Palaces 00 - Twenty Palaces.epub,,,,2014-11-17 10:57:44,2017-05-07 22:21:33
1180438,C0C12BB27357B1FB7419BFF7BE02DAA0,"Bill, the Galactic Hero","Harrison, Harry",Bill; the Galactic Hero 1,,English,,"ibooks, Inc.",0,"0380003953,1588240460",,,1180000/c0c12bb27357b1fb7419bff7be02daa0.jpg,epub,235767,,,"R:\\0day\\eng14\\SFFEbook 150 Remaster\\Harry Harrison\\Harry Harrison - Bill, the Galactic Hero 01 - Bill, the Galactic Hero # (v5.0).epub",version: 5.0,,,2014-11-17 10:57:44,2017-05-07 22:21:33
1180439,BE822954D6917849C706B559C4AD50FC,Seven Short Science Fiction Stories  (Short Story Collection),"Harrison, Harry",,,English,2011,Petra Books,0,,,,1180000/be822954d6917849c706b559c4ad50fc.jpg,epub,149210,,,R:\\0day\\eng14\\SFFEbook 150 Remaster\\Harry Harrison\\Harry Harrison - Seven Short Science Fiction Stories # SSC.epub,,,,2014-11-17 10:57:44,2017-05-07 22:21:33
1180440,AD99EF35BF0F79231132281B40999887,Stars and Stripes Forever,"Harrison, Harry",Stars and Stripes 1,,English,2011,,0,0345409345,,,1180000/ad99ef35bf0f79231132281b40999887.jpg,mobi,485871,,,R:\\0day\\eng14\\SFFEbook 150 Remaster\\Harry Harrison\\Harry Harrison - Stars and Stripes 01 - Stars and Stripes Forever.mobi,,,,2014-11-17 10:57:44,2017-05-07 22:21:33
1180441,87E9F2AAB327CD112B76B6DE0BFC3877,Stars and Stripes in Peril,"Harrison, Harry",Stars and Stripes 2,,English,2011,,0,0345409361,,,1180000/87e9f2aab327cd112b76b6de0bfc3877.jpg,mobi,474797,,,R:\\0day\\eng14\\SFFEbook 150 Remaster\\Harry Harrison\\Harry Harrison - Stars and Stripes 02 - Stars and Stripes in Peril.mobi,,,,2014-11-17 10:57:44,2017-05-07 22:21:33
1180442,7ABBAD9EA5ADD3757558D70F23E28721,Stars and Stripes Triumphant,"Harrison, Harry",Stars and Stripes 3,,English,2003,Del Rey,0,034540937X,,,1180000/7abbad9ea5add3757558d70f23e28721.jpg,epub,249260,,,R:\\0day\\eng14\\SFFEbook 150 Remaster\\Harry Harrison\\Harry Harrison - Stars and Stripes 03 - Stars and Stripes Triumphant.epub,,,,2014-11-17 10:57:44,2017-05-07 22:21:33
1180443,68B608845D4A8EF5A339C3AD2DAB7B52,Stars and Stripes Triumphant,"Harrison, Harry",Stars and Stripes 3,,English,2011,,0,034540937X,,,1180000/68b608845d4a8ef5a339c3ad2dab7b52.jpg,mobi,346572,,,R:\\0day\\eng14\\SFFEbook 150 Remaster\\Harry Harrison\\Harry Harrison - Stars and Stripes 03 - Stars and Stripes Triumphant.mobi,,,,2014-11-17 10:57:44,2017-05-07 22:21:33
1180444,BFCCEA2A3E45A57C6537E7E44F6AF7E7,John Jones's Dollar,"Keeler, Harry Stephen",,,English,,,0,,,,1180000/bfccea2a3e45a57c6537e7e44f6af7e7.jpg,epub,19909,,,R:\\0day\\eng14\\SFFEbook 150 Remaster\\Harry Stephen Keeler\\Harry Stephen Keeler - John Jones's Dollar.epub,,,,2014-11-17 10:57:44,2017-05-07 22:21:33
1180445,048E6579746C3D957D5488A503E0BFE5,John Jones's Dollar,"Keeler, Harry Stephen",,,English,,,0,,,,1180000/048e6579746c3d957d5488a503e0bfe5.jpg,mobi,46045,,,R:\\0day\\eng14\\SFFEbook 150 Remaster\\Harry Stephen Keeler\\Harry Stephen Keeler - John Jones's Dollar.mobi,,,,2014-11-17 10:57:44,2017-05-07 22:21:33
1180446,08BA9C6798A911369D4E899781FD8F8E,Return Engagement,"Turtledove, Harry",Settling Accounts 1,,English,2004,"Random House, Inc.",0,0345478592,,,1180000/08ba9c6798a911369d4e899781fd8f8e.jpg,mobi,1040642,,,R:\\0day\\eng14\\SFFEbook 150 Remaster\\Harry Turtledove\\Harry Turtledove - Settling Accounts 01 - Return Engagement # (v5.0).mobi,version: 5.0,,,2014-11-17 10:57:44,2017-05-07 22:21:33
1180447,F4E82BEE171D45EFD07C39C93053A19E,An Emperor for the Legion,"Turtledove, Harry",Videssos 2,,English,2011,Random House Publishing Group,0,9780307789846,,,1180000/f4e82bee171d45efd07c39c93053a19e.jpg,epub,2350237,,,R:\\0day\\eng14\\SFFEbook 150 Remaster\\Harry Turtledove\\Harry Turtledove - Videssos 02 - Videssos 02-An Emperor for the Legion # (v5.0).epub,version: 5.0,,,2014-11-17 10:57:44,2017-05-07 22:21:33
1180448,79EC9227BA27B1D58B3EFA7E15260381,An Emperor for the Legion,"Turtledove, Harry",Videssos 2,,English,2011,Random House Publishing Group,0,9780307789846,,,1180000/79ec9227ba27b1d58b3efa7e15260381.jpg,mobi,4927365,,,R:\\0day\\eng14\\SFFEbook 150 Remaster\\Harry Turtledove\\Harry Turtledove - Videssos 02 - Videssos 02-An Emperor for the Legion.mobi,,,,2014-11-17 10:57:44,2017-05-07 22:21:33
1180449,9A678C8F43A8A09E33E7A70CF8F7BFD1,The Legion of Videssos,"Turtledove, Harry",Videssos 3,,English,2011,Random House Publishing Group,0,9780307789853,,,1180000/9a678c8f43a8a09e33e7a70cf8f7bfd1.jpg,epub,2724294,,,R:\\0day\\eng14\\SFFEbook 150 Remaster\\Harry Turtledove\\Harry Turtledove - Videssos 03 - Videssos 03-The Legion of Videssos # (v5.0).epub,version: 5.0,,,2014-11-17 10:57:44,2017-05-07 22:21:33
1180450,9A14DC9C3FA673DEB8FCCE49C4D12364,The Legion of Videssos,"Turtledove, Harry",Videssos 3,,English,2011,Random House Publishing Group,0,9780307789853,,,1180000/9a14dc9c3fa673deb8fcce49c4d12364.jpg,mobi,5420218,,,R:\\0day\\eng14\\SFFEbook 150 Remaster\\Harry Turtledove\\Harry Turtledove - Videssos 03 - Videssos 03-The Legion of Videssos.mobi,,,,2014-11-17 10:57:44,2017-05-07 22:21:33
1180451,66C4C5A9B68B1B0D95AED724029F065C,"Dance, Dance, Dance","Murakami, Haruki",Rat 4,,English,2093,Kodansha International,0,,,,1180000/66c4c5a9b68b1b0d95aed724029f065c.jpg,epub,490909,,,"R:\\0day\\eng14\\SFFEbook 150 Remaster\\Haruki Murakami\\Haruki Murakami - Rat 04 - Dance, Dance, Dance.epub",,,,2014-11-17 10:57:44,2017-05-07 22:21:33
1180452,042F44389A8CAD12A01264B4677A49A0,L'Chaim,"Jacobs, Harvey",Blood is not Enough,,English,,,0,,,,1180000/042f44389a8cad12a01264b4677a49a0.jpg,epub,8161,,,R:\\0day\\eng14\\SFFEbook 150 Remaster\\Harvey Jacobs\\Harvey Jacobs - Blood is not Enough - L'Chaim.epub,,,,2014-11-17 10:57:44,2017-05-07 22:21:33
1180453,525C11C1FD1ECE15851B69ACAE2EB47A,L'Chaim,"Jacobs, Harvey",Blood is not Enough,,English,,,0,,,,,mobi,17202,,,R:\\0day\\eng14\\SFFEbook 150 Remaster\\Harvey Jacobs\\Harvey Jacobs - Blood is not Enough - L'Chaim.mobi,,,,2014-11-17 10:57:44,2017-05-07 22:21:33
1180454,2295DC0E02C8269515A579C0A120B6CA,Fish Story,"Jacobs, Harvey",,,English,,,0,,,,1180000/2295dc0e02c8269515a579c0a120b6ca.jpg,epub,18545,,,R:\\0day\\eng14\\SFFEbook 150 Remaster\\Harvey Jacobs\\Harvey Jacobs - Fish Story.epub,,,,2014-11-17 10:57:44,2017-05-07 22:21:33
1180455,9AD5BB4D9D7CCF571402B74F282CC1DD,Fish Story,"Jacobs, Harvey",,,English,,,0,,,,,mobi,30458,,,R:\\0day\\eng14\\SFFEbook 150 Remaster\\Harvey Jacobs\\Harvey Jacobs - Fish Story.mobi,,,,2014-11-17 10:57:44,2017-05-07 22:21:33
1180456,174E95FFC1FE782ADABF19A953CCE4C2,Goobers,"Jacobs, Harvey",,,English,,,0,,,,1180000/174e95ffc1fe782adabf19a953cce4c2.jpg,epub,18096,,,R:\\0day\\eng14\\SFFEbook 150 Remaster\\Harvey Jacobs\\Harvey Jacobs - Goobers.epub,,,,2014-11-17 10:57:44,2017-05-07 22:21:33
1180457,B40E59A83E21FC656B0933DA248CAD88,Goobers,"Jacobs, Harvey",,,English,,,0,,,,,mobi,31672,,,R:\\0day\\eng14\\SFFEbook 150 Remaster\\Harvey Jacobs\\Harvey Jacobs - Goobers.mobi,,,,2014-11-17 10:57:44,2017-05-07 22:21:33
1180458,50E3A6E12A11EFB477C6B9BD68C6887C,In Seclusion,"Jacobs, Harvey",,,English,,,0,,,,1180000/50e3a6e12a11efb477c6b9bd68c6887c.jpg,epub,20240,,,R:\\0day\\eng14\\SFFEbook 150 Remaster\\Harvey Jacobs\\Harvey Jacobs - In Seclusion.epub,,,,2014-11-17 10:57:44,2017-05-07 22:21:33
1180459,5C0214BA215B4E13BA7A11EF632F5DE3,In Seclusion,"Jacobs, Harvey",,,English,,,0,,,,,mobi,34432,,,R:\\0day\\eng14\\SFFEbook 150 Remaster\\Harvey Jacobs\\Harvey Jacobs - In Seclusion.mobi,,,,2014-11-17 10:57:44,2017-05-07 22:21:33
1180460,934DAA8B861A48C3BDA71EAC987DBABF,The Egg of the Glak,"Jacobs, Harvey",,,English,,,0,,,,1180000/934daa8b861a48c3bda71eac987dbabf.jpg,epub,40489,,,R:\\0day\\eng14\\SFFEbook 150 Remaster\\Harvey Jacobs\\Harvey Jacobs - The Egg of the Glak.epub,,,,2014-11-17 10:57:44,2017-05-07 22:21:33
1180461,234A68140CBF82A20B1B5DF728436678,The Egg of the Glak,"Jacobs, Harvey",,,English,,,0,,,,,mobi,68446,,,R:\\0day\\eng14\\SFFEbook 150 Remaster\\Harvey Jacobs\\Harvey Jacobs - The Egg of the Glak.mobi,,,,2014-11-17 10:57:44,2017-05-07 22:21:33
1180462,43447F19413AA719A7EB7E9C775C1FBE,The Man Who Did Something About It  (Short Story),"Jacobs, Harvey",,,English,,,0,,,,1180000/43447f19413aa719a7eb7e9c775c1fbe.jpg,epub,16247,,,R:\\0day\\eng14\\SFFEbook 150 Remaster\\Harvey Jacobs\\Harvey Jacobs - The Man Who Did Something About It # SS.epub,,,,2014-11-17 10:57:44,2017-05-07 22:21:33
1180463,C4BA903E590FCBCCABC15F4FB6C32034,The Man Who Did Something About It  (Short Story),"Jacobs, Harvey",,,English,,,0,,,,,mobi,28502,,,R:\\0day\\eng14\\SFFEbook 150 Remaster\\Harvey Jacobs\\Harvey Jacobs - The Man Who Did Something About It # SS.mobi,,,,2014-11-17 10:57:44,2017-05-07 22:21:33
1180464,C9AE4955A5D97935E9A6B866B325EA75,The Retriever,"Jacobs, Harvey",,,English,,,0,,,,1180000/c9ae4955a5d97935e9a6b866b325ea75.jpg,epub,15780,,,R:\\0day\\eng14\\SFFEbook 150 Remaster\\Harvey Jacobs\\Harvey Jacobs - The Retriever.epub,,,,2014-11-17 10:57:44,2017-05-07 22:21:33
1180465,7163D4EE7FE40937DCF7AE8D2F3DAB9B,The Retriever,"Jacobs, Harvey",,,English,,,0,,,,,mobi,28062,,,R:\\0day\\eng14\\SFFEbook 150 Remaster\\Harvey Jacobs\\Harvey Jacobs - The Retriever.mobi,,,,2014-11-17 10:57:44,2017-05-07 22:21:33
1180466,D5C01D685520948FF9F6B92DE17881EE,Hayford Peirce,"Warfare, Unlimited",,,English,,,0,,,,1180000/d5c01d685520948ff9f6b92de17881ee.jpg,epub,13047,,,R:\\0day\\eng14\\SFFEbook 150 Remaster\\Hayford Peirce\\Hayford Peirce - Unlimited Warfare.epub,,,,2014-11-17 10:57:44,2017-05-07 22:21:33
1180467,81A50AB87C7FE7EF29036764EC7715DB,Hayford Peirce,"Warfare, Unlimited",,,English,,,0,,,,,mobi,23800,,,R:\\0day\\eng14\\SFFEbook 150 Remaster\\Hayford Peirce\\Hayford Peirce - Unlimited Warfare.mobi,,,,2014-11-17 10:57:44,2017-05-07 22:21:33
1180468,9488C9BDD912CC99C75202EF6DACAFA4,Override,"Anastasiu, Heather",Glitch 2,,English,2013,St. Martin's Griffin,0,"9781250003003,9781250022349",,,1180000/9488c9bdd912cc99c75202ef6dacafa4.jpg,epub,297180,,,R:\\0day\\eng14\\SFFEbook 150 Remaster\\Heather Anastasiu\\Heather Anastasiu - Glitch 02 - Override.epub,,,,2014-11-17 10:57:44,2017-05-07 22:21:33
1180469,906C9CD7FEC751C1280CD7DEB6948EE7,A Potion to Die For,"Blake, Heather",Magic Potion Mystery 1,,English,2013,Penguin Group US,0,,,,1180000/906c9cd7fec751c1280cd7deb6948ee7.jpg,epub,456652,,,R:\\0day\\eng14\\SFFEbook 150 Remaster\\Heather Blake\\Heather Blake - Magic Potion Mystery 01 - A Potion to Die For.epub,,,,2014-11-17 10:57:44,2017-05-07 22:21:33
1180470,E5EE07F98599FCD9F376673984072661,"The Good, the Bad, and the Witchy","Blake, Heather",Wishcraft 3,,English,2013,NAL,0,9781101609576,,,1180000/e5ee07f98599fcd9f376673984072661.jpg,mobi,546110,,,"R:\\0day\\eng14\\SFFEbook 150 Remaster\\Heather Blake\\Heather Blake - Wishcraft 03 - The Good, the Bad, and the Witchy.mobi",,,,2014-11-17 10:57:44,2017-05-07 22:21:33
1180471,842752C2F0A78C68ABD5DAC606E7300B,Soulbound,"Brewer, Heather",The Legacy of Tril 1,,English,2012,Penguin Group,0,9781101575468,,,1180000/842752c2f0a78c68abd5dac606e7300b.jpg,epub,292804,,,R:\\0day\\eng14\\SFFEbook 150 Remaster\\Heather Brewer\\Heather Brewer - The Legacy of Tril 01 - Soulbound.epub,,,,2014-11-17 10:57:44,2017-05-07 22:21:33
1180472,2BCEA102E81E6141564557DF0195D7FF,Soulbound,"Brewer, Heather",The Legacy of Tril 1,,English,2012,Penguin Group,0,9781101575468,,,1180000/2bcea102e81e6141564557df0195d7ff.jpg,mobi,380961,,,R:\\0day\\eng14\\SFFEbook 150 Remaster\\Heather Brewer\\Heather Brewer - The Legacy of Tril 01 - Soulbound.mobi,,,,2014-11-17 10:57:44,2017-05-07 22:21:33
1180473,E2003068EB29CBF15D481932E2667CE8,The Warlock King,"Killough-Walden, Heather",Kings 3,,English,2013,,0,,,,1180000/e2003068eb29cbf15d481932e2667ce8.jpg,epub,254501,,,R:\\0day\\eng14\\SFFEbook 150 Remaster\\Heather Killough-Walden\\Heather Killough-Walden - Kings 03 - The Warlock King.epub,,,,2014-11-17 10:57:44,2017-05-07 22:21:33
1180474,80F8DB2619E74F408BC51596AA6B1D3A,The Warlock King,"Killough-Walden, Heather",Kings 3,,English,2013,,0,,,,1180000/80f8db2619e74f408bc51596aa6b1d3a.jpg,mobi,314888,,,R:\\0day\\eng14\\SFFEbook 150 Remaster\\Heather Killough-Walden\\Heather Killough-Walden - Kings 03 - The Warlock King.mobi,,,,2014-11-17 10:57:44,2017-05-07 22:21:33
1180475,4D77383A8DEBC7575702BBA268DA95A5,Parallel Worlds-Nothing Is as It Seems,"Noell, Heather Macauley",,,English,,Heather Macauley Noell,0,,,,1180000/4d77383a8debc7575702bba268da95a5.jpg,epub,299081,,,R:\\0day\\eng14\\SFFEbook 150 Remaster\\Heather Macauley Noell\\Heather Macauley Noell - Parallel Worlds-Nothing Is as It Seems.epub,,,,2014-11-17 10:57:44,2017-05-07 22:21:33
1180476,5CB38E748A027CBA724F5C4F90024377,Parallel Worlds-Nothing Is as It Seems,"Noell, Heather Macauley",,,English,,Heather Macauley Noell,0,,,,1180000/5cb38e748a027cba724f5c4f90024377.jpg,mobi,726479,,,R:\\0day\\eng14\\SFFEbook 150 Remaster\\Heather Macauley Noell\\Heather Macauley Noell - Parallel Worlds-Nothing Is as It Seems.mobi,,,,2014-11-17 10:57:44,2017-05-07 22:21:33
1180477,9CB521E5A0CDA148D11BA55B63B18249,Witch's Brew,"Kling, Heidi R",Spellspinners 1; Spellspinners of Melas County,,English,2012,"Coliloquy, LLC",0,9781937804039,,,1180000/9cb521e5a0cda148d11ba55b63b18249.jpg,epub,405773,,,R:\\0day\\eng14\\SFFEbook 150 Remaster\\Heidi R. Kling\\Heidi R. Kling - Spellspinners 01 - Witch's Brew.epub,,,,2014-11-17 10:57:44,2017-05-07 22:21:33
1180478,22BA15D70713C6EF34617D5418CDB62F,Ambasadora,"Miller, Heidi Ruby",Ambasadora 1,,English,2011,Union City Publishing,0,,,,1180000/22ba15d70713c6ef34617d5418cdb62f.jpg,mobi,551204,,,R:\\0day\\eng14\\SFFEbook 150 Remaster\\Heidi Ruby Miller\\Heidi Ruby Miller - Ambasadora 01 - Ambasadora.mobi,,,,2014-11-17 10:57:44,2017-05-07 22:21:33
1180479,EFB42BEF5065F07A01D82F1A01B7B55A,Operation Hell Gate,"Cerasini, Marc",24 Declassified 1,,English,2012,HarperCollins,0,,,,1180000/efb42bef5065f07a01d82f1a01b7b55a.jpg,epub,249839,,,R:\\0day\\eng14\\SFFEbook 150 Remaster\\heisy\\backup\\SFF Update 290-300\\v290-300\\24 Declassified\\24 Declassified - 24 Declassified 01 - Operation Hell Gate # Marc Cerasini.epub,,,,2014-11-17 10:57:44,2017-05-07 22:21:33
1180480,9B0FBC03FE6B898B2F3DA76A71776D81,Veto Power,"Whitman, John",24 Declassified 2,,English,2012,HarperCollins,0,,,,1180000/9b0fbc03fe6b898b2f3da76a71776d81.jpg,epub,251226,,,R:\\0day\\eng14\\SFFEbook 150 Remaster\\heisy\\backup\\SFF Update 290-300\\v290-300\\24 Declassified\\24 Declassified - 24 Declassified 02 - Veto Power # John Whitman.epub,,,,2014-11-17 10:57:44,2017-05-07 22:21:33
1180481,02BF64901A4DAA5A0E84C9FF14C663A6,Trojan Horse,"Cerasini, Marc",24 Declassified 3,,English,2012,HarperCollins,0,,,,1180000/02bf64901a4daa5a0e84c9ff14c663a6.jpg,epub,267871,,,R:\\0day\\eng14\\SFFEbook 150 Remaster\\heisy\\backup\\SFF Update 290-300\\v290-300\\24 Declassified\\24 Declassified - 24 Declassified 03 - Trojan Horse # Marc Cerasini.epub,,,,2014-11-17 10:57:44,2017-05-07 22:21:33
1180482,A36C6F27FBD35953AE200AF58591757C,Cat's Claw,"Whitman, John",24 Declassified 4,,English,2012,HarperCollins,0,,,,1180000/a36c6f27fbd35953ae200af58591757c.jpg,epub,283399,,,R:\\0day\\eng14\\SFFEbook 150 Remaster\\heisy\\backup\\SFF Update 290-300\\v290-300\\24 Declassified\\24 Declassified - 24 Declassified 04 - Cat's Claw # John Whitman.epub,,,,2014-11-17 10:57:44,2017-05-07 22:21:33
1180483,16346F392F6BDAF727D6294D6C10861C,Vanishing Point,"Cerasini, Marc",24 Declassified 5,,English,2012,HarperCollins,0,,,,1180000/16346f392f6bdaf727d6294d6c10861c.jpg,epub,228636,,,R:\\0day\\eng14\\SFFEbook 150 Remaster\\heisy\\backup\\SFF Update 290-300\\v290-300\\24 Declassified\\24 Declassified - 24 Declassified 05 - Vanishing Point # Marc Cerasini.epub,,,,2014-11-17 10:57:44,2017-05-07 22:21:33
1180484,86487C59AEDE857F8268BBA82474C290,Chaos Theory,"Whitman, John",24 Declassified 6,,English,2012,HarperCollins,0,,,,1180000/86487c59aede857f8268bba82474c290.jpg,epub,302003,,,R:\\0day\\eng14\\SFFEbook 150 Remaster\\heisy\\backup\\SFF Update 290-300\\v290-300\\24 Declassified\\24 Declassified - 24 Declassified 06 - Chaos Theory # John Whitman.epub,,,,2014-11-17 10:57:44,2017-05-07 22:21:33
1180485,1A59960C16F6D7F72BFE7303AC3FBEB5,Storm Force,"Jacobs, David",24 Declassified 7,,English,2007,HarperCollins,0,,,,1180000/1a59960c16f6d7f72bfe7303ac3fbeb5.jpg,epub,312779,,,R:\\0day\\eng14\\SFFEbook 150 Remaster\\heisy\\backup\\SFF Update 290-300\\v290-300\\24 Declassified\\24 Declassified - 24 Declassified 07 - Storm Force # David Jacobs.epub,,,,2014-11-17 10:57:44,2017-05-07 22:21:33
1180486,8FB0E4DC432F6732ED7EB2261FE8AEC6,Collateral Damage,"Cerasini, Marc",24 Declassified 8,,English,2008,HarperCollins,0,,,,1180000/8fb0e4dc432f6732ed7eb2261fe8aec6.jpg,epub,240479,,,R:\\0day\\eng14\\SFFEbook 150 Remaster\\heisy\\backup\\SFF Update 290-300\\v290-300\\24 Declassified\\24 Declassified - 24 Declassified 08 - Collateral Damage # Marc Cerasini.epub,,,,2014-11-17 10:57:44,2017-05-07 22:21:33
1180487,7F31C33F0257AFE894938F33531F0130,Trinity,"Whitman, John",24 Declassified 9,,English,2008,HarperCollins,0,9780061646669,,,1180000/7f31c33f0257afe894938f33531f0130.jpg,epub,269819,,,R:\\0day\\eng14\\SFFEbook 150 Remaster\\heisy\\backup\\SFF Update 290-300\\v290-300\\24 Declassified\\24 Declassified - 24 Declassified 09 - Trinity # John Whitman.epub,,,,2014-11-17 10:57:44,2017-05-07 22:21:33
1180488,B025BE6A35DE69EFCF30F95D7428878C,Head Shot,"Jacobs, David",24 Declassified 10,,English,2009,HarperCollins,0,,,,1180000/b025be6a35de69efcf30f95d7428878c.jpg,epub,286670,,,R:\\0day\\eng14\\SFFEbook 150 Remaster\\heisy\\backup\\SFF Update 290-300\\v290-300\\24 Declassified\\24 Declassified - 24 Declassified 10 - Head Shot # David Jacobs.epub,,,,2014-11-17 10:57:44,2017-05-07 22:21:33
1180489,9EA6171B7543767FDB5D766E6DFE3AD3,Death Angel,"Jacobs, David",24 Declassified 11,,English,2013,HarperCollins,0,9780062006516,,,1180000/9ea6171b7543767fdb5d766e6dfe3ad3.jpg,epub,315905,,,R:\\0day\\eng14\\SFFEbook 150 Remaster\\heisy\\backup\\SFF Update 290-300\\v290-300\\24 Declassified\\24 Declassified - 24 Declassified 11 - Death Angel # David Jacobs.epub,,,,2014-11-17 10:57:44,2017-05-07 22:21:33
1180490,744033F9126F9C6CB6941B110C76BDD3,Touched,"Aalto, A J",Marnie Baranuik Files 1,,English,2012,Booktrope Editions,0,"9781935961574,9781620150610",,,1180000/744033f9126f9c6cb6941b110c76bdd3.jpg,epub,552130,,,R:\\0day\\eng14\\SFFEbook 150 Remaster\\heisy\\backup\\SFF Update 290-300\\v290-300\\A. J. Aalto\\A. J. Aalto - Marnie Baranuik Files 01 - Touched.epub,,,,2014-11-17 10:57:44,2017-05-07 22:21:33
1180491,B52811354F6D36A858C1CEC78D9DEDA9,Oberon's Dreams,"Pogue, Aaron",,,English,2013,47North,0,"9781611098181,1611098181",,,1180000/b52811354f6d36a858c1cec78d9deda9.jpg,epub,1363440,,,R:\\0day\\eng14\\SFFEbook 150 Remaster\\heisy\\backup\\SFF Update 290-300\\v290-300\\Aaron Pogue\\Aaron Pogue - Oberon's Dreams # (ARC).epub,,,,2014-11-17 10:57:44,2017-05-07 22:21:33
1180492,FFC56678DA11ADB82443C438D9FAB80C,Scar Night,"Campbell, Alan",Deepgate Codex 1,,English,2006,Random House Publishing Group,0,"9780553903362,0553903365",,,1180000/ffc56678da11adb82443c438d9fab80c.jpg,mobi,417784,,,R:\\0day\\eng14\\SFFEbook 150 Remaster\\heisy\\backup\\SFF Update 290-300\\v290-300\\Alan Campbell\\Alan Campbell - Deepgate Codex 01 - Scar Night # (v5.0).mobi,version: 5.0,,,2014-11-17 10:57:44,2017-05-07 22:21:33
1180493,CF2FB2DF5DE36ABD541C602C6AAEE096,Iron Angel,"Campbell, Alan",Deepgate Codex 2,,English,2008,Random House Publishing Group,0,9780553905021,,,1180000/cf2fb2df5de36abd541c602c6aaee096.jpg,mobi,483692,,,R:\\0day\\eng14\\SFFEbook 150 Remaster\\heisy\\backup\\SFF Update 290-300\\v290-300\\Alan Campbell\\Alan Campbell - Deepgate Codex 02 - Iron Angel # (v5.0).mobi,version: 5.0,,,2014-11-17 10:57:44,2017-05-07 22:21:33
1180494,17436BCC2A901BE5B8DB851E8D5D9F8A,Shepherd of the Planets,"Mattox, Alan",,,English,2013,,0,,,,1180000/17436bcc2a901be5b8db851e8d5d9f8a.jpg,epub,111486,,,R:\\0day\\eng14\\SFFEbook 150 Remaster\\heisy\\backup\\SFF Update 290-300\\v290-300\\Alan Mattox\\Alan Mattox - Shepherd of the Planets.epub,,,,2014-11-17 10:57:44,2017-05-07 22:21:33
1180495,98678FA5312ADC7DAEEDECC9EB73D34A,A Descent of the Moench,"Crowley, Aleister",,,English,2013,,0,,,,1180000/98678fa5312adc7daeedecc9eb73d34a.jpg,epub,3968,,,R:\\0day\\eng14\\SFFEbook 150 Remaster\\heisy\\backup\\SFF Update 290-300\\v290-300\\Aleister Crowley\\Aleister Crowley - A Descent of the Moench.epub,,,,2014-11-17 10:57:44,2017-05-07 22:21:33
1180496,42BE786226F322A6E9065BDC785706AB,Defeat the Darkness,"Morgan, Alexis",Paladins of Darkness 6,,English,2010,Pocket Star,0,"9781416563457,9781416563976",,,1180000/42be786226f322a6e9065bdc785706ab.jpg,epub,431833,,,R:\\0day\\eng14\\SFFEbook 150 Remaster\\heisy\\backup\\SFF Update 290-300\\v290-300\\Alexis Morgan\\Alexis Morgan - Paladins of Darkness 06 - Defeat the Darkness.epub,,,,2014-11-17 10:57:44,2017-05-07 22:21:33
1180497,33363DB30FACE2762A78A9DDBEA324D1,Algernon Blackwood,"Extraordinary, Physician",Dr. John Silence,,English,,,0,,,,1180000/33363db30face2762a78a9ddbea324d1.jpg,epub,407623,,,R:\\0day\\eng14\\SFFEbook 150 Remaster\\heisy\\backup\\SFF Update 290-300\\v290-300\\Algernon Blackwood\\Algernon Blackwood - Dr. John Silence - Physician Extraordinary.epub,,,,2014-11-17 10:57:44,2017-05-07 22:21:33
1180498,21449B50FBB5E242215688F881DE7E79,Mystic,"Noel, Alyson",Soul Seekers 3,,English,2013,St. Martin's Griffin,0,"9780312575670,9780312664886,9781250020789",,,1180000/21449b50fbb5e242215688f881de7e79.jpg,epub,383399,,,R:\\0day\\eng14\\SFFEbook 150 Remaster\\heisy\\backup\\SFF Update 290-300\\v290-300\\Alyson Noel\\Alyson Noel - Soul Seekers 03 - Mystic.epub,,,,2014-11-17 10:57:44,2017-05-07 22:21:33
1180499,7DED0318F800DA844DE96A0687A2E964,Mystic,"Noel, Alyson",Soul Seekers 3,,English,2013,St. Martin's Griffin,0,"9780312575670,9780312664886,9781250020789",,,1180000/7ded0318f800da844de96a0687a2e964.jpg,mobi,484315,,,R:\\0day\\eng14\\SFFEbook 150 Remaster\\heisy\\backup\\SFF Update 290-300\\v290-300\\Alyson Noel\\Alyson Noel - Soul Seekers 03 - Mystic.mobi,,,,2014-11-17 10:57:44,2017-05-07 22:21:33
1180500,D277E09A50DDAE5EE480E60DB5F5CE73,The Golden Age of Death,"Benson, Amber",Calliope Reaper-Jones 5,,English,2013,Penguin Group US,0,9781101619537,,,1180000/d277e09a50ddae5ee480e60db5f5ce73.jpg,epub,407881,,,R:\\0day\\eng14\\SFFEbook 150 Remaster\\heisy\\backup\\SFF Update 290-300\\v290-300\\Amber Benson\\Amber Benson - Calliope Reaper-Jones 05 - The Golden Age of Death.epub,,,,2014-11-17 10:57:44,2017-05-07 22:21:33
1180501,ECF3A5683F0CABD5E7A897A90CAD0021,Runaway Star,"Crow, Anah",Pandora Project,,English,2009,Torquere Press,0,"9781603706100,1603706100",,,1180000/ecf3a5683f0cabd5e7a897a90cad0021.jpg,epub,284006,,,R:\\0day\\eng14\\SFFEbook 150 Remaster\\heisy\\backup\\SFF Update 290-300\\v290-300\\Anah Crow\\Anah Crow - Pandora Project - Runaway Star.epub,,,,2014-11-17 10:57:44,2017-05-07 22:21:33
1180502,CD381DD698F2D54488AD0EDCA6928ED1,The Maxwell Equations,"Dnieprov, Anatoly; Kolesnikov transl, Leonid",,,English,,,0,,,,1180000/cd381dd698f2d54488ad0edca6928ed1.jpg,epub,419684,,,R:\\0day\\eng14\\SFFEbook 150 Remaster\\heisy\\backup\\SFF Update 290-300\\v290-300\\Anatoly Dnieprov\\Anatoly Dnieprov - The Maxwell Equations # Leonid Kolesnikov (transl).epub,,,,2014-11-17 10:57:44,2017-05-07 22:21:33
1180503,739F96B546414C53668BC89C3C2AEA7C,Shadow Hawk,"Norton, Andre",,,English,1971,Bethlehem Books,0,,,,1180000/739f96b546414c53668bc89c3c2aea7c.jpg,epub,383940,,,R:\\0day\\eng14\\SFFEbook 150 Remaster\\heisy\\backup\\SFF Update 290-300\\v290-300\\Andre Norton\\Andre Norton - Shadow Hawk.epub,,,,2014-11-17 10:57:44,2017-05-07 22:21:33
1180504,D6C4DF84F5098B95572DDE0D36BDDF97,Power Under Pressure,"Mayer, Andrew P",Society of Steam 3,,English,2013,Prometheus Books,0,"9781616146962,9781616146979",,,1180000/d6c4df84f5098b95572dde0d36bddf97.jpg,mobi,808499,,,R:\\0day\\eng14\\SFFEbook 150 Remaster\\heisy\\backup\\SFF Update 290-300\\v290-300\\Andrew P. Mayer\\Andrew P. Mayer - Society of Steam 03 - Power Under Pressure # (v5.0).mobi,version: 5.0,,,2014-11-17 10:57:44,2017-05-07 22:21:33
1180505,7732DFB2F237351B176E6A184591A3A0,The Devil's Ninth Question,"Duncan, Andy",,,English,2013,,0,,,,1180000/7732dfb2f237351b176e6a184591a3a0.jpg,epub,34147,,,R:\\0day\\eng14\\SFFEbook 150 Remaster\\heisy\\backup\\SFF Update 290-300\\v290-300\\Andy Duncan\\Andy Duncan - The Devil's Ninth Question.epub,,,,2014-11-17 10:57:44,2017-05-07 22:21:33
1180506,25D51536E44C171B9F6FAC0E2FD1C139,The Osiris Invasion,"Spackman, Anne",Seeds of a Fallen Empire 2,,English,2010,Anne Spackman,0,,,,,mobi,421056,,,R:\\0day\\eng14\\SFFEbook 150 Remaster\\heisy\\backup\\SFF Update 290-300\\v290-300\\Anne Spackman\\Anne Spackman - Seeds of a Fallen Empire 02 - The Osiris Invasion # (v5.0).mobi,version: 5.0,,,2014-11-17 10:57:44,2017-05-07 22:21:33
1180507,9479149B56B2C72094704E9599476963,Jack Wright and His Electric Stage,"Wright, Jack; Stage, His Electric",,,English,2007,,0,,,,1180000/9479149b56b2c72094704e9599476963.jpg,epub,222810,,,R:\\0day\\eng14\\SFFEbook 150 Remaster\\heisy\\backup\\SFF Update 290-300\\v290-300\\Anonymous\\Anonymous - Jack Wright and His Electric Stage.epub,,,,2014-11-17 10:57:44,2017-05-07 22:21:33
1180508,BC4A265D6161C82D907F6803B6F7879D,The Princess Ilsee,,,,English,2013,,0,,,,1180000/bc4a265d6161c82d907f6803b6f7879d.jpg,epub,2924019,,,R:\\0day\\eng14\\SFFEbook 150 Remaster\\heisy\\backup\\SFF Update 290-300\\v290-300\\Anonymous\\Anonymous - The Princess Ilsee.epub,,,,2014-11-17 10:57:44,2017-05-07 22:21:33
1180509,8EEAACFFF426A39FFDA9A3FD3E65E776,In Thunder Forged,"Marmell, Ari",Fall of Llael 1; Iron Kingdoms Chronicles 1,,English,2013,Pyr,0,"9781616147730,9781616147747",,,1180000/8eeaacfff426a39ffda9a3fd3e65e776.jpg,epub,1782649,,,R:\\0day\\eng14\\SFFEbook 150 Remaster\\heisy\\backup\\SFF Update 290-300\\v290-300\\Ari Marmell\\Ari Marmell - Iron Kingdoms Chronicles 01 - Fall of Llael 01-In Thunder Forged # (v5.0).epub,version: 5.0,,,2014-11-17 10:57:44,2017-05-07 22:21:33
1180510,47B9981CD494052800FFFEF792A534E1,Sunstorm,"Clarke, Arthur C; Baxter, Stephen",Time Odyssey 2,,English,2010,,,,,,1180000/47b9981cd494052800fffef792a534e1.jpg,epub,325087,,,R:\\0day\\eng14\\SFFEbook 150 Remaster\\heisy\\backup\\SFF Update 290-300\\v290-300\\Arthur C. Clarke & Stephen Baxter\\Arthur C. Clarke & Stephen Baxter - Time Odyssey 02 - Sunstorm.epub,,451E033C83BE1FAF4EF050E700ECEA25,no,2014-11-17 10:57:44,2020-08-05 04:56:07
1180511,0354E16F87C96152565FC7B1DC260E60,Armaments Race,"Clarke, Arthur C",,,English,2013,,0,,,,1180000/0354e16f87c96152565fc7b1dc260e60.jpg,epub,9642,,,R:\\0day\\eng14\\SFFEbook 150 Remaster\\heisy\\backup\\SFF Update 290-300\\v290-300\\Arthur C. Clarke\\Arthur C. Clarke - Armaments Race.epub,,,,2014-11-17 10:57:44,2017-05-07 22:21:33
1180512,D888403ED8BFE9A0AB70A0F0573AE12C,The Final Odyssey,"Clarke, Arthur C",Odyssey 4 3001,,English,2010,,0,,,,1180000/d888403ed8bfe9a0ab70a0f0573ae12c.jpg,epub,193594,,,R:\\0day\\eng14\\SFFEbook 150 Remaster\\heisy\\backup\\SFF Update 290-300\\v290-300\\Arthur C. Clarke\\Arthur C. Clarke - Odyssey 04 - 3001-The Final Odyssey.epub,,,,2014-11-17 10:57:44,2017-05-07 22:21:33
1180513,38AD3CD11FA42773597A83B420F98635,Prelude to Space,"Clarke, Arthur C",,,English,2013,,0,,,,1180000/38ad3cd11fa42773597a83b420f98635.jpg,epub,155931,,,R:\\0day\\eng14\\SFFEbook 150 Remaster\\heisy\\backup\\SFF Update 290-300\\v290-300\\Arthur C. Clarke\\Arthur C. Clarke - Prelude to Space.epub,,,,2014-11-17 10:57:44,2017-05-07 22:21:33
1180514,519CAFB964AAD62A519E95AB38D1F136,The Mathematicians,"Feldman, Arthur",,,English,2013,,0,,,,1180000/519cafb964aad62a519e95ab38d1f136.jpg,epub,53816,,,R:\\0day\\eng14\\SFFEbook 150 Remaster\\heisy\\backup\\SFF Update 290-300\\v290-300\\Arthur Feldman\\Arthur Feldman - The Mathematicians.epub,,,,2014-11-17 10:57:44,2017-05-07 22:21:33
1180515,0B0DC44318A51F9EB38B908DCC025D63,Dark Yesterday,"Zagat, Arthur Leo",Tomorrow Trilogy,,English,2013,,0,1588737942,,,1180000/0b0dc44318a51f9eb38b908dcc025d63.jpg,epub,152205,,,R:\\0day\\eng14\\SFFEbook 150 Remaster\\heisy\\backup\\SFF Update 290-300\\v290-300\\Arthur Leo Zagat\\Arthur Leo Zagat - Tomorrow Trilogy - Dark Yesterday.epub,,,,2014-11-17 10:57:44,2017-05-07 22:21:33
1180516,80672D19F9BD429A2F8C1E9779986A13,Power of X,"Sellings, Arthur",,,English,,,0,,,,1180000/80672d19f9bd429a2f8c1e9779986a13.jpg,epub,242265,,,R:\\0day\\eng14\\SFFEbook 150 Remaster\\heisy\\backup\\SFF Update 290-300\\v290-300\\Arthur Sellings\\Arthur Sellings - Power of X.epub,,,,2014-11-17 10:57:44,2017-05-07 22:21:33
1180517,CF09343CDE9CC2F5FFEE16FCA968C82D,Waking Dreams,"Stoyanoff, Ashley",Soul's Mark SS,,English,2013,Ashley Stoyanoff Books,0,,,,1180000/cf09343cde9cc2f5ffee16fca968c82d.jpg,mobi,280309,,,R:\\0day\\eng14\\SFFEbook 150 Remaster\\heisy\\backup\\SFF Update 290-300\\v290-300\\Ashley Stoyanoff\\Ashley Stoyanoff - Soul's Mark SS - Waking Dreams # (v5.0).mobi,version: 5.0,,,2014-11-17 10:57:44,2017-05-07 22:21:33
1180518,EBB0EFADED6EC23849D1F822A5A54E09,Wait Until Dawn,"Bradford, Bailey",Southern Spirits 4,,English,2011,Total-E-Bound Publishing,0,9780857154927,,,1180000/ebb0efaded6ec23849d1f822a5a54e09.jpg,epub,548481,,,R:\\0day\\eng14\\SFFEbook 150 Remaster\\heisy\\backup\\SFF Update 290-300\\v290-300\\Bailey Bradford\\Bailey Bradford - Southern Spirits 04 - Wait Until Dawn.epub,,,,2014-11-17 10:57:44,2017-05-07 22:21:33
1180519,8751F9081F7C2169D8DBBDE1B4B981D4,Aftermath,"Bradford, Bailey",Southern Spirits 5,,English,2012,,0,9780857155610,,,1180000/8751f9081f7c2169d8dbbde1b4b981d4.jpg,epub,503375,,,R:\\0day\\eng14\\SFFEbook 150 Remaster\\heisy\\backup\\SFF Update 290-300\\v290-300\\Bailey Bradford\\Bailey Bradford - Southern Spirits 05 - Aftermath.epub,,,,2014-11-17 10:57:44,2017-05-07 22:21:33
1180520,E681559545AFB68647056D5C15115601,What Remains,"Bradford, Bailey",Southern Spirits 6,,English,2012,,0,9780857155955,,,1180000/e681559545afb68647056d5c15115601.jpg,epub,401728,,,R:\\0day\\eng14\\SFFEbook 150 Remaster\\heisy\\backup\\SFF Update 290-300\\v290-300\\Bailey Bradford\\Bailey Bradford - Southern Spirits 06 - What Remains.epub,,,,2014-11-17 10:57:44,2017-05-07 22:21:33
1180521,9A56474AF70CCC10BFAD5B21A02AC187,Fog of the Forgotten,"Wells, Basil",,,English,2012,pulpgen.com,0,,,,1180000/9a56474af70ccc10bfad5b21a02ac187.jpg,epub,584294,,,R:\\0day\\eng14\\SFFEbook 150 Remaster\\heisy\\backup\\SFF Update 290-300\\v290-300\\Basil Wells\\Basil Wells - Fog of the Forgotten.epub,,,,2014-11-17 10:57:44,2017-05-07 22:21:33
1180522,EE5E3CA606E153BE69A32B3755430A68,Men of Good Will,"Bova, Ben",,,English,2013,,0,,,,1180000/ee5e3ca606e153be69a32b3755430a68.jpg,epub,7946,,,R:\\0day\\eng14\\SFFEbook 150 Remaster\\heisy\\backup\\SFF Update 290-300\\v290-300\\Ben Bova\\Ben Bova - Men of Good Will.epub,,,,2014-11-17 10:57:44,2017-05-07 22:21:33
1180523,9D8610E563827EA871696EBA6DC1AEBB,Takes Two to Tangle,"Bova, Ben",,,English,2013,,0,,,,1180000/9d8610e563827ea871696eba6dc1aebb.jpg,epub,27308,,,R:\\0day\\eng14\\SFFEbook 150 Remaster\\heisy\\backup\\SFF Update 290-300\\v290-300\\Ben Bova\\Ben Bova - Takes Two to Tangle.epub,,,,2014-11-17 10:57:44,2017-05-07 22:21:33
1180524,1457C892046D9D30416CC8B2083A42B9,Waterbot,"Bova, Ben",,,English,2013,,0,,,,1180000/1457c892046d9d30416cc8b2083a42b9.jpg,epub,87169,,,R:\\0day\\eng14\\SFFEbook 150 Remaster\\heisy\\backup\\SFF Update 290-300\\v290-300\\Ben Bova\\Ben Bova - Waterbot.epub,,,,2014-11-17 10:57:44,2017-05-07 22:21:33
1180525,423AB1A9AD71B67EECEE1B5CE4DCB47B,Chester,"Deitchman, Bernard",,,English,2013,,0,,,,1180000/423ab1a9ad71b67eecee1b5ce4dcb47b.jpg,epub,138567,,,R:\\0day\\eng14\\SFFEbook 150 Remaster\\heisy\\backup\\SFF Update 290-300\\v290-300\\Bernard Deitchman\\Bernard Deitchman - Chester.epub,,,,2014-11-17 10:57:44,2017-05-07 22:21:33
1180526,F0896AC21AAB2799DEFB26885B1A5E28,Sufficiently Advanced  (Short Story),"Vincent, Bev",,,English,2013,,0,,,,1180000/f0896ac21aab2799defb26885b1a5e28.jpg,epub,118829,,,R:\\0day\\eng14\\SFFEbook 150 Remaster\\heisy\\backup\\SFF Update 290-300\\v290-300\\Bev Vincent\\Bev Vincent - Sufficiently Advanced # SS.epub,,,,2014-11-17 10:57:44,2017-05-07 22:21:33
1180527,53BE1ACE195C0CC5034902D38479756C,Wake Me Up For Meals  (Short Story),"Vincent, Bev",,,English,2013,,0,,,,1180000/53be1ace195c0cc5034902d38479756c.jpg,epub,14860,,,R:\\0day\\eng14\\SFFEbook 150 Remaster\\heisy\\backup\\SFF Update 290-300\\v290-300\\Bev Vincent\\Bev Vincent - Wake Me Up For Meals # SS.epub,,,,2014-11-17 10:57:44,2017-05-07 22:21:33
1180528,062F1726BF08FBEDE90BACC908AB8C7C,Start with Color,"Kte'pi, Bill",,,English,2013,,0,,,,1180000/062f1726bf08fbede90bacc908ab8c7c.jpg,epub,9945,,,R:\\0day\\eng14\\SFFEbook 150 Remaster\\heisy\\backup\\SFF Update 290-300\\v290-300\\Bill Kte'pi\\Bill Kte'pi - Start with Color.epub,,,,2014-11-17 10:57:44,2017-05-07 22:21:33
1180529,D46A559014E91B4BE59A298F7E2F2642,The Minotaur,"Kte'pi, Bill",,,English,2013,,0,,,,1180000/d46a559014e91b4be59a298f7e2f2642.jpg,epub,14697,,,R:\\0day\\eng14\\SFFEbook 150 Remaster\\heisy\\backup\\SFF Update 290-300\\v290-300\\Bill Kte'pi\\Bill Kte'pi - The Minotaur.epub,,,,2014-11-17 10:57:44,2017-05-07 22:21:33
1180530,53285DC50F20FB9C5D8455E59DA2A58B,You Can Walk on the Moon if the Mood's Right,"Kte'pi, Bill",,,English,2013,,0,,,,1180000/53285dc50f20fb9c5d8455e59da2a58b.jpg,epub,15872,,,R:\\0day\\eng14\\SFFEbook 150 Remaster\\heisy\\backup\\SFF Update 290-300\\v290-300\\Bill Kte'pi\\Bill Kte'pi - You Can Walk on the Moon if the Mood's Right.epub,,,,2014-11-17 10:57:44,2017-05-07 22:21:33
1180531,EF3BEB6B3C582F60C54C19FD30E34ED3,Fifth Horseman,"Stark, Ed",Bloodshadows 2,,English,2013,,0,,,,1180000/ef3beb6b3c582f60c54c19fd30e34ed3.jpg,epub,230527,,,R:\\0day\\eng14\\SFFEbook 150 Remaster\\heisy\\backup\\SFF Update 290-300\\v290-300\\Bloodshadows\\Bloodshadows - Bloodshadows 02 - Fifth Horseman # Ed Stark.epub,,,,2014-11-17 10:57:44,2017-05-07 22:21:33
1180532,0BFF2F2BD9206B87D306C0ED7E841185,Blood of Tarrian,"Hensley, Shane Lacy",Bloodshadows 3,,English,1994,"West End Games, Incorporated",0,,,,1180000/0bff2f2bd9206b87d306c0ed7e841185.jpg,epub,220573,,,R:\\0day\\eng14\\SFFEbook 150 Remaster\\heisy\\backup\\SFF Update 290-300\\v290-300\\Bloodshadows\\Bloodshadows - Bloodshadows 03 - Blood of Tarrian # Shane Lacy Hensley.epub,,,,2014-11-17 10:57:44,2017-05-07 22:21:33
1180533,2DADB8C993CEACAD16C14EF71082D793,The Forest Monster of Oz,"Evans, Bob; Dulabone, Chris",,,English,2013,,0,,,,1180000/2dadb8c993ceacad16c14ef71082d793.jpg,epub,99758,,,R:\\0day\\eng14\\SFFEbook 150 Remaster\\heisy\\backup\\SFF Update 290-300\\v290-300\\Bob Evans & Chris Dulabone\\Bob Evans & Chris Dulabone - The Forest Monster of Oz.epub,,,,2014-11-17 10:57:44,2017-05-07 22:21:33
1180534,D260C5D35807EF27784D8642421C277F,Blood Bonds  (Short Story),"Cooper, Brenda",,,English,2013,,0,,,,1180000/d260c5d35807ef27784d8642421c277f.jpg,epub,21515,,,R:\\0day\\eng14\\SFFEbook 150 Remaster\\heisy\\backup\\SFF Update 290-300\\v290-300\\Brenda Cooper\\Brenda Cooper - Blood Bonds # SS.epub,,,,2014-11-17 10:57:44,2017-05-07 22:21:33
1180535,39F22F4BA4B2CD2F70E356304DA3A200,My Father's Singularity  (Short Story),"Cooper, Brenda",,,English,2013,,0,,,,1180000/39f22f4ba4b2cd2f70e356304da3a200.jpg,epub,8409,,,R:\\0day\\eng14\\SFFEbook 150 Remaster\\heisy\\backup\\SFF Update 290-300\\v290-300\\Brenda Cooper\\Brenda Cooper - My Father's Singularity # SS.epub,,,,2014-11-17 10:57:44,2017-05-07 22:21:33
1180536,084B03C290237DB12486E9DEA4F2BB12,The War of the Flowers  (Short Story),"Cooper, Brenda",,,English,2013,,0,,,,1180000/084b03c290237db12486e9dea4f2bb12.jpg,epub,9184,,,R:\\0day\\eng14\\SFFEbook 150 Remaster\\heisy\\backup\\SFF Update 290-300\\v290-300\\Brenda Cooper\\Brenda Cooper - The War of the Flowers # SS.epub,,,,2014-11-17 10:57:44,2017-05-07 22:21:33
1180537,BA144303C13211F1EC90FDB906819633,Dragon Lord of Kells (Wild Rose),"Weaver, Brenda J",Empowered Spirits 1,,English,2010,,0,1601541430,,,1180000/ba144303c13211f1ec90fdb906819633.jpg,epub,567524,,,R:\\0day\\eng14\\SFFEbook 150 Remaster\\heisy\\backup\\SFF Update 290-300\\v290-300\\Brenda J. Weaver\\Brenda J. Weaver - Empowered Spirits 01 - Dragon Lord of Kells (Wild Rose).epub,,,,2014-11-17 10:57:44,2017-05-07 22:21:33
1180538,BBEB15D7C58F9E604FE31E0D5F8D4C8D,Debris Ensuing from a Supervortex,"Ames, Brian",,,English,2013,,0,,,,1180000/bbeb15d7c58f9e604fe31e0d5f8d4c8d.jpg,epub,5402,,,R:\\0day\\eng14\\SFFEbook 150 Remaster\\heisy\\backup\\SFF Update 290-300\\v290-300\\Brian Ames\\Brian Ames - Debris Ensuing from a Supervortex.epub,,,,2014-11-17 10:57:44,2017-05-07 22:21:33
1180539,A08B81A1AE37E653CE821438EA58DEBB,We'll Leave the Light On,"Ames, Brian",,,English,2013,,0,,,,1180000/a08b81a1ae37e653ce821438ea58debb.jpg,epub,20363,,,R:\\0day\\eng14\\SFFEbook 150 Remaster\\heisy\\backup\\SFF Update 290-300\\v290-300\\Brian Ames\\Brian Ames - We'll Leave the Light On.epub,,,,2014-11-17 10:57:44,2017-05-07 22:21:33
1180540,C263A3491748F1B7310E3C177AB5CCA7,Fairest,"Attebery, Brian",,,English,2013,,0,,,,1180000/c263a3491748f1b7310e3c177ab5cca7.jpg,epub,14073,,,R:\\0day\\eng14\\SFFEbook 150 Remaster\\heisy\\backup\\SFF Update 290-300\\v290-300\\Brian Attebery\\Brian Attebery - Fairest.epub,,,,2014-11-17 10:57:44,2017-05-07 22:21:33
1180541,B7766435C934E2036F394530C570FEBF,At Blue Crane Falls,"Dolton, Brian",,,English,2013,,0,,,,1180000/b7766435c934e2036f394530c570febf.jpg,epub,8098,,,R:\\0day\\eng14\\SFFEbook 150 Remaster\\heisy\\backup\\SFF Update 290-300\\v290-300\\Brian Dolton\\Brian Dolton - At Blue Crane Falls.epub,,,,2014-11-17 10:57:44,2017-05-07 22:21:33
1180542,4E4798782A1269C879F43B06F8052CE9,The Man Who Was Never Afraid,"Dolton, Brian",,,English,2013,,0,,,,1180000/4e4798782a1269c879f43b06f8052ce9.jpg,epub,10779,,,R:\\0day\\eng14\\SFFEbook 150 Remaster\\heisy\\backup\\SFF Update 290-300\\v290-300\\Brian Dolton\\Brian Dolton - The Man Who Was Never Afraid.epub,,,,2014-11-17 10:57:44,2017-05-07 22:21:33
1180543,F46137EDCC97C2CF42C553DFA05AA881,The Sacrifice Pit,"Dolton, Brian",,,English,2013,,0,,,,1180000/f46137edcc97c2cf42c553dfa05aa881.jpg,epub,12935,,,R:\\0day\\eng14\\SFFEbook 150 Remaster\\heisy\\backup\\SFF Update 290-300\\v290-300\\Brian Dolton\\Brian Dolton - The Sacrifice Pit.epub,,,,2014-11-17 10:57:44,2017-05-07 22:21:33
1180544,DF1BFB46720F37673704AE6B15E2F102,The Big Bang,"Francis, Brian",,,English,2013,,0,,,,1180000/df1bfb46720f37673704ae6b15e2f102.jpg,epub,14610,,,R:\\0day\\eng14\\SFFEbook 150 Remaster\\heisy\\backup\\SFF Update 290-300\\v290-300\\Brian Francis\\Brian Francis - The Big Bang.epub,,,,2014-11-17 10:57:44,2017-05-07 22:21:33
1180545,004161B6090F7161342F3B87BF39696A,Nighttime Shadows on Open Sand  (Short Story),"Herbert, Brian; Anderson, Kevin J",Prelude to Dune 2.10,,English,2010,,0,,,,1180000/004161b6090f7161342f3b87bf39696a.jpg,epub,127873,,,R:\\0day\\eng14\\SFFEbook 150 Remaster\\heisy\\backup\\SFF Update 290-300\\v290-300\\Brian Herbert & Kevin J. Anderson\\Brian Herbert & Kevin J. Anderson - Prelude to Dune 02.10 - Nighttime Shadows on Open Sand # SS.epub,,,,2014-11-17 10:57:44,2017-05-07 22:21:33
1180546,1A3B5B45DD52FFDF2EB1AC0A65257C84,Little Holocausts,"Hodge, Brian",,,English,2013,,0,,,,1180000/1a3b5b45dd52ffdf2eb1ac0a65257c84.jpg,epub,21553,,,R:\\0day\\eng14\\SFFEbook 150 Remaster\\heisy\\backup\\SFF Update 290-300\\v290-300\\Brian Hodge\\Brian Hodge - Little Holocausts.epub,,,,2014-11-17 10:57:44,2017-05-07 22:21:33
1180547,85318B5A4F1715FA1B34768A5C00691F,The Resurrection Fields,"Keaney, Brian",Promises of Dr. Sigmundus 4,,English,2009,Random House Children's Books,0,9780375893629,,,1180000/85318b5a4f1715fa1b34768a5c00691f.jpg,epub,2049475,,,R:\\0day\\eng14\\SFFEbook 150 Remaster\\heisy\\backup\\SFF Update 290-300\\v290-300\\Brian Keaney\\Brian Keaney - Promises of Dr. Sigmundus 04 - The Resurrection Fields # (v5.0).epub,version: 5.0,,,2014-11-17 10:57:44,2017-05-07 22:21:33
1180548,4C8C629817076ED354995EE059CEF322,Necroscope,"Lumley, Brian",Necroscope 1,,English,2011,,0,,,,1180000/4c8c629817076ed354995ee059cef322.jpg,epub,502213,,,R:\\0day\\eng14\\SFFEbook 150 Remaster\\heisy\\backup\\SFF Update 290-300\\v290-300\\Brian Lumley\\Brian Lumley - Necroscope 01 - Necroscope.epub,,,,2014-11-17 10:57:44,2017-05-07 22:21:33
1180549,A64055DDCDC1E84AFEA6BE9D46CFDE3A,Wamphyri!,"Lumley, Brian",Necroscope 2,,English,2011,Tlaloc,0,,,,1180000/a64055ddcdc1e84afea6be9d46cfde3a.jpg,epub,390224,,,R:\\0day\\eng14\\SFFEbook 150 Remaster\\heisy\\backup\\SFF Update 290-300\\v290-300\\Brian Lumley\\Brian Lumley - Necroscope 02 - Wamphyri!.epub,,,,2014-11-17 10:57:44,2017-05-07 22:21:33
1180550,670DE52623B87C59D08C6B36EEDF4C54,The Source,"Lumley, Brian",Necroscope 3,,English,2011,,0,,,,1180000/670de52623b87c59d08c6b36eedf4c54.jpg,epub,496915,,,R:\\0day\\eng14\\SFFEbook 150 Remaster\\heisy\\backup\\SFF Update 290-300\\v290-300\\Brian Lumley\\Brian Lumley - Necroscope 03 - The Source.epub,,,,2014-11-17 10:57:44,2017-05-07 22:21:33
1180551,BEF6BFF423CE919C71E3A9CD3C8E7F42,Deadspeak,"Lumley, Brian",Necroscope 4,,English,2011,,0,,,,1180000/bef6bff423ce919c71e3a9cd3c8e7f42.jpg,epub,441490,,,R:\\0day\\eng14\\SFFEbook 150 Remaster\\heisy\\backup\\SFF Update 290-300\\v290-300\\Brian Lumley\\Brian Lumley - Necroscope 04 - Deadspeak.epub,,,,2014-11-17 10:57:44,2017-05-07 22:21:33
1180552,200810FC6CFA51FB877DAAF69C3788D7,Deadspawn,"Lumley, Brian",Necroscope 5,,English,2011,,0,,,,1180000/200810fc6cfa51fb877daaf69c3788d7.jpg,epub,461199,,,R:\\0day\\eng14\\SFFEbook 150 Remaster\\heisy\\backup\\SFF Update 290-300\\v290-300\\Brian Lumley\\Brian Lumley - Necroscope 05 - Deadspawn.epub,,,,2014-11-17 10:57:44,2017-05-07 22:21:33
1180553,92147A78E3F7BF67418A53FE4261C790,Blood Brothers,"Lumley, Brian",Necroscope 6; Vampire World 1,,English,2011,,0,,,,1180000/92147a78e3f7bf67418a53fe4261c790.jpg,epub,587494,,,R:\\0day\\eng14\\SFFEbook 150 Remaster\\heisy\\backup\\SFF Update 290-300\\v290-300\\Brian Lumley\\Brian Lumley - Necroscope 06 - Vampire World 01-Blood Brothers.epub,,,,2014-11-17 10:57:44,2017-05-07 22:21:33
1180554,B7944043E8BC928F7E2A3F975754FD69,Bloodwars,"Lumley, Brian",Necroscope 8; Vampire World 3,,English,,,0,,,,1180000/b7944043e8bc928f7e2a3f975754fd69.jpg,epub,851638,,,R:\\0day\\eng14\\SFFEbook 150 Remaster\\heisy\\backup\\SFF Update 290-300\\v290-300\\Brian Lumley\\Brian Lumley - Necroscope 08 - Vampire World 03-Bloodwars.epub,,,,2014-11-17 10:57:44,2017-05-07 22:21:33
1180555,DFAEC7D9EFFAC50BD907FCD792D4D2F8,Resurgence,"Lumley, Brian",Necroscope 10; The Lost Years Vol 2,,English,,,0,,,,1180000/dfaec7d9effac50bd907fcd792d4d2f8.jpg,epub,543794,,,R:\\0day\\eng14\\SFFEbook 150 Remaster\\heisy\\backup\\SFF Update 290-300\\v290-300\\Brian Lumley\\Brian Lumley - Necroscope 10 - The Lost Years Vol 2-Resurgence.epub,,,,2014-11-17 10:57:44,2017-05-07 22:21:33
1180556,759316942F5594D470EDBB35D73C15C9,E-Branch 2-Defilers,"Lumley, Brian",Necroscope 12,,English,,,0,,,,1180000/759316942f5594d470edbb35d73c15c9.jpg,epub,616022,,,R:\\0day\\eng14\\SFFEbook 150 Remaster\\heisy\\backup\\SFF Update 290-300\\v290-300\\Brian Lumley\\Brian Lumley - Necroscope 12 - E-Branch 2-Defilers.epub,,,,2014-11-17 10:57:44,2017-05-07 22:21:33
1180557,424AE2EA75600E6710FE02D09F08D095,E-Branch 3-Avengers,"Lumley, Brian",Necroscope 13,,English,,,0,,,,1180000/424ae2ea75600e6710fe02d09f08d095.jpg,epub,529588,,,R:\\0day\\eng14\\SFFEbook 150 Remaster\\heisy\\backup\\SFF Update 290-300\\v290-300\\Brian Lumley\\Brian Lumley - Necroscope 13 - E-Branch 3-Avengers.epub,,,,2014-11-17 10:57:44,2017-05-07 22:21:33
1180558,3522E5FEF185244E64B06220ED5E34CF,Promise of Blood,"McClellan, Brian",Powder Mage 1,,English,2013,"Little, Brown Book Group",0,,,,1180000/3522e5fef185244e64b06220ed5e34cf.jpg,epub,1000037,,,R:\\0day\\eng14\\SFFEbook 150 Remaster\\heisy\\backup\\SFF Update 290-300\\v290-300\\Brian McClellan\\Brian McClellan - Powder Mage 01 - Promise of Blood # (v5.1).epub,version: 5.1,,,2014-11-17 10:57:44,2017-05-07 22:21:33
1180559,56C6829E986929F2C0C6C582FFBD1221,Emptiness  (Short Story),"Stableford, Brian M",,,English,2013,,0,,,,1180000/56c6829e986929f2c0c6c582ffbd1221.jpg,epub,18650,,,R:\\0day\\eng14\\SFFEbook 150 Remaster\\heisy\\backup\\SFF Update 290-300\\v290-300\\Brian Stableford\\Brian Stableford - Emptiness # SS.epub,,,,2014-11-17 10:57:44,2017-05-07 22:21:33
1180560,E2DE7F8C52208A8529D6C9FB4459E86B,Frontier Earth,"Boxleitner, Bruce",Frontier Earth 1,,English,2011,,0,,,,1180000/e2de7f8c52208a8529d6c9fb4459e86b.jpg,epub,241572,,,R:\\0day\\eng14\\SFFEbook 150 Remaster\\heisy\\backup\\SFF Update 290-300\\v290-300\\Bruce Boxleitner\\Bruce Boxleitner - Frontier Earth 01 - Frontier Earth.epub,,,,2014-11-17 10:57:44,2017-05-07 22:21:33
1180561,F6696BDC3C1B156FF08BAB72EF626B08,Searcher,"Boxleitner, Bruce",Frontier Earth 2,,English,2011,,0,,,,1180000/f6696bdc3c1b156ff08bab72ef626b08.jpg,epub,259518,,,R:\\0day\\eng14\\SFFEbook 150 Remaster\\heisy\\backup\\SFF Update 290-300\\v290-300\\Bruce Boxleitner\\Bruce Boxleitner - Frontier Earth 02 - Searcher.epub,,,,2014-11-17 10:57:44,2017-05-07 22:21:33
1180562,C8961BD5FB6AEBF9A99A89475C104585,Arrival,"Irvine, Abigail",Buck Rogers 1,,English,1989,Wizards of the Coast,0,,,,1180000/c8961bd5fb6aebf9a99a89475c104585.jpg,epub,795285,,,R:\\0day\\eng14\\SFFEbook 150 Remaster\\heisy\\backup\\SFF Update 290-300\\v290-300\\Buck Rogers\\Buck Rogers - Buck Rogers 01 - Arrival # Abigail Irvine.epub,,,,2014-11-17 10:57:44,2017-05-07 22:21:33
1180563,F4E71913274FBBA10F6FE8BB6AE0B708,Rebellion 2456,"Murdock, M S",Buck Rogers 2; Mars 1,,English,1989,"TSR, Incorporated",0,,,,1180000/f4e71913274fbba10f6fe8bb6ae0b708.jpg,epub,205205,,,R:\\0day\\eng14\\SFFEbook 150 Remaster\\heisy\\backup\\SFF Update 290-300\\v290-300\\Buck Rogers\\Buck Rogers - Buck Rogers 02 - Mars 01-Rebellion 2456 # M. S. Murdock.epub,,,,2014-11-17 10:57:44,2017-05-07 22:21:33
1180564,8F2842044DEA95A6FB85A2FF7A284AC5,Hammer of Mars,"Murdock, M S",Buck Rogers 3; Mars 2,,English,1989,Wizards of the Coast,0,,,,1180000/8f2842044dea95a6fb85a2ff7a284ac5.jpg,epub,1123349,,,R:\\0day\\eng14\\SFFEbook 150 Remaster\\heisy\\backup\\SFF Update 290-300\\v290-300\\Buck Rogers\\Buck Rogers - Buck Rogers 03 - Mars 02-Hammer of Mars # M. S. Murdock.epub,,,,2014-11-17 10:57:44,2017-05-07 22:21:33
1180565,C946A6BF3C55229B6E635E095274B36F,Armageddon of Vesta,"Murdock, M S",Buck Rogers 4; Mars 3,,English,1989,Wizards of the Coast,0,,,,1180000/c946a6bf3c55229b6e635e095274b36f.jpg,epub,229608,,,R:\\0day\\eng14\\SFFEbook 150 Remaster\\heisy\\backup\\SFF Update 290-300\\v290-300\\Buck Rogers\\Buck Rogers - Buck Rogers 04 - Mars 03-Armageddon of Vesta # M. S. Murdock.epub,,,,2014-11-17 10:57:44,2017-05-07 22:21:33
1180566,56B9F986744B053AFEB57701FEAB98E9,First Power Play,"Miller, John",Buck Rogers 5; Planets 1,,English,2012,,0,,,,1180000/56b9f986744b053afeb57701feab98e9.jpg,epub,232611,,,R:\\0day\\eng14\\SFFEbook 150 Remaster\\heisy\\backup\\SFF Update 290-300\\v290-300\\Buck Rogers\\Buck Rogers - Buck Rogers 05 - Planets 01-First Power Play # John Miller.epub,,,,2014-11-17 10:57:44,2017-05-07 22:21:33
1180567,23FE668F221D45D0E8FC20E043698110,Prime Squared,"Murdock, M S",Buck Rogers 6; Planets 2,,English,1990,Wizards of the Coast,0,,,,1180000/23fe668f221d45d0e8fc20e043698110.jpg,epub,1491859,,,R:\\0day\\eng14\\SFFEbook 150 Remaster\\heisy\\backup\\SFF Update 290-300\\v290-300\\Buck Rogers\\Buck Rogers - Buck Rogers 06 - Planets 02-Prime Squared # M. S. Murdock.epub,,,,2014-11-17 10:57:44,2017-05-07 22:21:33
1180568,B458BA7AFD7EE034253CD732DBE9B2D9,Matrix Cubed,"Bloom, Britton",Buck Rogers 7; Planets 3,,English,1991,"TSR, Incorporated",0,,,,1180000/b458ba7afd7ee034253cd732dbe9b2d9.jpg,epub,1052257,,,R:\\0day\\eng14\\SFFEbook 150 Remaster\\heisy\\backup\\SFF Update 290-300\\v290-300\\Buck Rogers\\Buck Rogers - Buck Rogers 07 - Planets 03-Matrix Cubed # Britton Bloom.epub,,,,2014-11-17 10:57:44,2017-05-07 22:21:33
1180569,976041DE4C8BB66F0B866CAFBEE4AC1C,The Genesis Web,"Brennan, C M",Buck Rogers 8; Charon 1,,English,1992,Wizards of the Coast,0,,,,1180000/976041de4c8bb66f0b866cafbee4ac1c.jpg,epub,243409,,,R:\\0day\\eng14\\SFFEbook 150 Remaster\\heisy\\backup\\SFF Update 290-300\\v290-300\\Buck Rogers\\Buck Rogers - Buck Rogers 08 - Charon 01-The Genesis Web # C. M. Brennan.epub,,,,2014-11-17 10:57:44,2017-05-07 22:21:33
1180570,849210BEAA63AE558BB7767C9BA4098F,Nomads of the Sky,"William, H; Keith, Jr",Buck Rogers 9; Charon 2,,English,1992,Wizards of the Coast,0,,,,1180000/849210beaa63ae558bb7767c9ba4098f.jpg,epub,219150,,,"R:\\0day\\eng14\\SFFEbook 150 Remaster\\heisy\\backup\\SFF Update 290-300\\v290-300\\Buck Rogers\\Buck Rogers - Buck Rogers 09 - Charon 02-Nomads of the Sky # William H., Jr. Keith.epub",,,,2014-11-17 10:57:44,2017-05-07 22:21:33
1180571,93D01E0BD158A0D12791335D1F0080C6,Warlords of Jupiter,"Keith, William H",Buck Rogers 10; Charon 3,,English,1993,"T S R, Incorporated",0,,,,1180000/93d01e0bd158a0d12791335d1f0080c6.jpg,epub,245472,,,R:\\0day\\eng14\\SFFEbook 150 Remaster\\heisy\\backup\\SFF Update 290-300\\v290-300\\Buck Rogers\\Buck Rogers - Buck Rogers 10 - Charon 03-Warlords of Jupiter # William H. Keith.epub,,,,2014-11-17 10:57:44,2017-05-07 22:21:33
1180572,29EFD490E1060536412939E0F7F30377,Primrose and Thorn,"Sparhawk, Bud",,,English,2013,,0,,,,1180000/29efd490e1060536412939e0f7f30377.jpg,epub,41941,,,R:\\0day\\eng14\\SFFEbook 150 Remaster\\heisy\\backup\\SFF Update 290-300\\v290-300\\Bud Sparhawk\\Bud Sparhawk - Primrose and Thorn.epub,,,,2014-11-17 10:57:44,2017-05-07 22:21:33
1180573,A6BA555418C5B50A2D101ABE1DF6763E,Wave Without A Shore,"Cherryh, C J",,,English,2000,Penguin Group,0,,,,1180000/a6ba555418c5b50a2d101abe1df6763e.jpg,epub,203747,,,R:\\0day\\eng14\\SFFEbook 150 Remaster\\heisy\\backup\\SFF Update 290-300\\v290-300\\C. J. Cherryh\\C. J. Cherryh - Wave Without A Shore.epub,,,,2014-11-17 10:57:44,2017-05-07 22:21:33
1180574,2866CCBD921CDED3B56CFABE87359443,The Shadow of the Wind,"Zafon, Carlos Ruiz",Cemetery of Forgotten Books 1,,English,2010,"Penguin Group USA, Inc.",0,1101147067,,,1180000/2866ccbd921cded3b56cfabe87359443.jpg,epub,1136343,,,R:\\0day\\eng14\\SFFEbook 150 Remaster\\heisy\\backup\\SFF Update 290-300\\v290-300\\Carlos Ruiz Zafon\\Carlos Ruiz Zafon - Cemetery of Forgotten Books 01 - The Shadow of the Wind # (v5.2).epub,version: 5.2,,,2014-11-17 10:57:44,2017-05-07 22:21:33
1180575,3E83E8896A16A7DB355F5ED931E762AC,The Sixth Discipline,"Buxton, Carmen Webster",Haven 1,,English,2011,Cracked Mirror Press,0,9780983187103,,,1180000/3e83e8896a16a7db355f5ed931e762ac.jpg,mobi,730452,,,R:\\0day\\eng14\\SFFEbook 150 Remaster\\heisy\\backup\\SFF Update 290-300\\v290-300\\Carmen Webster Buxton\\Carmen Webster Buxton - Haven 01 - The Sixth Discipline # (v5.0).mobi,version: 5.0,,,2014-11-17 10:57:44,2017-05-07 22:21:33
1180576,EE4EF2EC8A27F53A40F6CF0B7DE2E3A1,"Vampires, Scones, and Edmund Herondale","Clare, Cassandra; Brennan, Sarah Rees",Bane 3,,English,,McElderry Books,0,9781442495586,,,1180000/ee4ef2ec8a27f53a40f6cf0b7de2e3a1.jpg,epub,1662767,,,"R:\\0day\\eng14\\SFFEbook 150 Remaster\\heisy\\backup\\SFF Update 290-300\\v290-300\\Cassandra Clare\\Cassandra Clare - Bane 03 - Vampires, Scones, and Edmund Herondale # with Sarah Rees Brennan.epub",,,,2014-11-17 10:57:44,2017-05-07 22:21:33
1180577,D07D37AB5072B273482133C6F57F3C0F,"Vampires, Scones, and Edmund Herondale","Clare, Cassandra; Brennan, Sarah Rees",Bane 3,,English,,McElderry Books,0,9781442495586,,,1180000/d07d37ab5072b273482133c6f57f3c0f.jpg,mobi,875458,,,"R:\\0day\\eng14\\SFFEbook 150 Remaster\\heisy\\backup\\SFF Update 290-300\\v290-300\\Cassandra Clare\\Cassandra Clare - Bane 03 - Vampires, Scones, and Edmund Herondale # with Sarah Rees Brennan.mobi",,,,2014-11-17 10:57:44,2017-05-07 22:21:33
1180578,F17613800970249EBDAF42D1060724B9,Shapeshifted,"Alexander, Cassie",Edie Spence 3; An Edie Spence Novel,,English,2013,St. Martin's Press,0,9781466823976,,,1180000/f17613800970249ebdaf42d1060724b9.jpg,epub,338190,,,R:\\0day\\eng14\\SFFEbook 150 Remaster\\heisy\\backup\\SFF Update 290-300\\v290-300\\Cassie Alexander\\Cassie Alexander - Edie Spence 03 - Shapeshifted.epub,,,,2014-11-17 10:57:44,2017-05-07 22:21:33
1180579,B9F31DDBD4ED090AF7A48CFF6D9E93B6,Shapeshifted,"Alexander, Cassie",Edie Spence 3; An Edie Spence Novel,,English,2013,St. Martin's Press,0,9781466823976,,,1180000/b9f31ddbd4ed090af7a48cff6d9e93b6.jpg,mobi,440872,,,R:\\0day\\eng14\\SFFEbook 150 Remaster\\heisy\\backup\\SFF Update 290-300\\v290-300\\Cassie Alexander\\Cassie Alexander - Edie Spence 03 - Shapeshifted.mobi,,,,2014-11-17 10:57:44,2017-05-07 22:21:33
1180580,B5732564C9EDBFB994AC199F8DF512FA,The Fall,"Keefer, Chana",Rapha Chronicles 1; The Rapha Chronicles,,English,2012,Old Barn Press,0,9781935906551,,,1180000/b5732564c9edbfb994ac199f8df512fa.jpg,epub,342736,,,R:\\0day\\eng14\\SFFEbook 150 Remaster\\heisy\\backup\\SFF Update 290-300\\v290-300\\Chana Keefer\\Chana Keefer - Rapha Chronicles 01 - The Fall.epub,,,,2014-11-17 10:57:44,2017-05-07 22:21:33
1180581,5A640B389E8D718211D39529F3E1B4EE,Dragonborne,"Ryan, Chandra",,,English,2013,,0,9781605049908,,,1180000/5a640b389e8d718211d39529f3e1b4ee.jpg,epub,159859,,,R:\\0day\\eng14\\SFFEbook 150 Remaster\\heisy\\backup\\SFF Update 290-300\\v290-300\\Chandra Ryan\\Chandra Ryan - Dragonborne.epub,,,,2014-11-17 10:57:44,2017-05-07 22:21:33
1180582,52BCC28632D69F003CD361F00D39D03A,Powers of Detection,"Harris, Charlaine",Sookie Stackhouse 4.3,,English,2013,,0,,,,1180000/52bcc28632d69f003cd361f00d39d03a.jpg,epub,25939,,,R:\\0day\\eng14\\SFFEbook 150 Remaster\\heisy\\backup\\SFF Update 290-300\\v290-300\\Charlaine Harris\\Charlaine Harris - Sookie Stackhouse 04.3 - Powers of Detection.epub,,,,2014-11-17 10:57:44,2017-05-07 22:21:33
1180583,642760BD06426330E779FF588A585BD4,One Word Answer,"Harris, Charlaine",Sookie Stackhouse 5.1,,English,2011,,0,,,,1180000/642760bd06426330e779ff588a585bd4.jpg,epub,19902,,,R:\\0day\\eng14\\SFFEbook 150 Remaster\\heisy\\backup\\SFF Update 290-300\\v290-300\\Charlaine Harris\\Charlaine Harris - Sookie Stackhouse 05.1 - One Word Answer.epub,,,,2014-11-17 10:57:44,2017-05-07 22:21:33
1180584,961B6369DAE91AA262387514D2CBA2FB,The Last Recall,"Ingrid, Charles",Marked Man 2,,English,1991,DAW,0,,,,1180000/961b6369dae91aa262387514d2cba2fb.jpg,epub,254160,,,R:\\0day\\eng14\\SFFEbook 150 Remaster\\heisy\\backup\\SFF Update 290-300\\v290-300\\Charles Ingrid\\Charles Ingrid - Marked Man 02 - The Last Recall.epub,,,,2014-11-17 10:57:44,2017-05-07 22:21:33
1180585,BCB5FD0DC8DC71A85E94B8ED87C3F032,The Awakening,"Feehan, Christine",Leopard 1,,English,2011,,0,,,,1180000/bcb5fd0dc8dc71a85e94b8ed87c3f032.jpg,epub,405018,,,R:\\0day\\eng14\\SFFEbook 150 Remaster\\heisy\\backup\\SFF Update 290-300\\v290-300\\Christine Feehan\\Christine Feehan - Leopard 01 - The Awakening.epub,,,,2014-11-17 10:57:44,2017-05-07 22:21:33
1180586,FFB63417F53D515F77EC104B0B8A23BB,The Twilight Realm,"Carpenter, Christopher",,,English,2013,,0,0425095746,,,1180000/ffb63417f53d515f77ec104b0b8a23bb.jpg,epub,199120,,,R:\\0day\\eng14\\SFFEbook 150 Remaster\\heisy\\backup\\SFF Update 290-300\\v290-300\\Christopher Carpenter\\Christopher Carpenter - The Twilight Realm.epub,,,,2014-11-17 10:57:44,2017-05-07 22:21:33
1180587,2EB708102E5958AE3E0F894905775E6E,Plum Pudding,"Morley, Christopher",,,English,2005,,0,,,,1180000/2eb708102e5958ae3e0f894905775e6e.jpg,epub,1187029,,,R:\\0day\\eng14\\SFFEbook 150 Remaster\\heisy\\backup\\SFF Update 290-300\\v290-300\\Christopher Morley\\Christopher Morley - Plum Pudding.epub,,,,2014-11-17 10:57:44,2017-05-07 22:21:33
1180588,4E3917D059B5AA40B36F9D6143FF130B,A Wizard in Bedlam,"Stasheff, Christopher",Rogue Wizard 2,,English,2013,,0,0812536479,,,1180000/4e3917d059b5aa40b36f9d6143ff130b.jpg,mobi,450488,,,R:\\0day\\eng14\\SFFEbook 150 Remaster\\heisy\\backup\\SFF Update 290-300\\v290-300\\Christopher Stasheff\\Christopher Stasheff - Rogue Wizard 02 - A Wizard in Bedlam.mobi,,,,2014-11-17 10:57:44,2017-05-07 22:21:33
1180589,694DE5636E1F58CF542EE913B115BB2F,Chameleon,"Swanson, Cidney",Ripple 2,,English,2011,Williams Press,0,,,,1180000/694de5636e1f58cf542ee913b115bb2f.jpg,epub,165888,,,R:\\0day\\eng14\\SFFEbook 150 Remaster\\heisy\\backup\\SFF Update 290-300\\v290-300\\Cidney Swanson\\Cidney Swanson - Ripple 02 - Chameleon.epub,,,,2014-11-17 10:57:44,2017-05-07 22:21:33
1180590,C9F039689608268CF10BC015B5E6F9C5,Taste,"Farrell, Claire",Ava Delaney 5,,English,2013,,0,,,,1180000/c9f039689608268cf10bc015b5e6f9c5.jpg,epub,231424,,,R:\\0day\\eng14\\SFFEbook 150 Remaster\\heisy\\backup\\SFF Update 290-300\\v290-300\\Claire Farrell\\Claire Farrell - Ava Delaney 05 - Taste.epub,,,,2014-11-17 10:57:44,2017-05-07 22:21:33
1180591,BE2D5512F7FEC8E293BF7DAA7DD8CE3A,Adversity,"Farrell, Claire",Cursed 2.5,,English,,Claire Farrell,0,,,,1180000/be2d5512f7fec8e293bf7daa7dd8ce3a.jpg,epub,215040,,,R:\\0day\\eng14\\SFFEbook 150 Remaster\\heisy\\backup\\SFF Update 290-300\\v290-300\\Claire Farrell\\Claire Farrell - Cursed 02.5 - Adversity.epub,,,,2014-11-17 10:57:44,2017-05-07 22:21:33
1180592,22CFAE36EAC1DCA54D22B10CFA86794D,Aliens for Neighbors  (Short Story Collection),"Simak, Clifford D",,,English,1963,New English Library,0,,,,1180000/22cfae36eac1dca54d22b10cfa86794d.jpg,epub,196670,,,R:\\0day\\eng14\\SFFEbook 150 Remaster\\heisy\\backup\\SFF Update 290-300\\v290-300\\Clifford D. Simak\\Clifford D. Simak - Aliens for Neighbors # SSC.epub,,,,2014-11-17 10:57:44,2017-05-07 22:21:33
1180593,F07BF6DA67B8FC9DDCC621248BED28CF,Aliens for Neighbors  (Short Story Collection),"Simak, Clifford D",,,English,1963,New English Library,0,,,,1180000/f07bf6da67b8fc9ddcc621248bed28cf.jpg,mobi,326837,,,R:\\0day\\eng14\\SFFEbook 150 Remaster\\heisy\\backup\\SFF Update 290-300\\v290-300\\Clifford D. Simak\\Clifford D. Simak - Aliens for Neighbors # SSC.mobi,,,,2014-11-17 10:57:44,2017-05-07 22:21:33
1180594,B8E29AEBFE72B1825E3D3F4718C69AB3,Epilog,"Simak, Clifford D",,,English,2013,,0,,,,1180000/b8e29aebfe72b1825e3d3f4718c69ab3.jpg,epub,22586,,,R:\\0day\\eng14\\SFFEbook 150 Remaster\\heisy\\backup\\SFF Update 290-300\\v290-300\\Clifford D. Simak\\Clifford D. Simak - Epilog.epub,,,,2014-11-17 10:57:44,2017-05-07 22:21:33
1180595,31644B8588CAD05D09BF804E57E23FCE,Eternity Lost,"Simak, Clifford D",,,English,2013,,0,,,,1180000/31644b8588cad05d09bf804e57e23fce.jpg,epub,29448,,,R:\\0day\\eng14\\SFFEbook 150 Remaster\\heisy\\backup\\SFF Update 290-300\\v290-300\\Clifford D. Simak\\Clifford D. Simak - Eternity Lost.epub,,,,2014-11-17 10:57:44,2017-05-07 22:21:33
1180596,DAAF0F759B9ACFA6CCBF999CFF226A26,The Ghost of a Model T,"Simak, Clifford D",,,English,2013,,0,,,,1180000/daaf0f759b9acfa6ccbf999cff226a26.jpg,epub,15128,,,R:\\0day\\eng14\\SFFEbook 150 Remaster\\heisy\\backup\\SFF Update 290-300\\v290-300\\Clifford D. Simak\\Clifford D. Simak - The Ghost of a Model T.epub,,,,2014-11-17 10:57:44,2017-05-07 22:21:33
1180597,4F01DCDEE97BDCBF0FDD50D32275FF0B,Worrywart,"Simak, Clifford D",,,English,2013,,0,,,,1180000/4f01dcdee97bdcbf0fdd50d32275ff0b.jpg,epub,68982,,,R:\\0day\\eng14\\SFFEbook 150 Remaster\\heisy\\backup\\SFF Update 290-300\\v290-300\\Clifford D. Simak\\Clifford D. Simak - Worrywart.epub,,,,2014-11-17 10:57:44,2017-05-07 22:21:33
1180598,C90CA8ABE960EE6FED4F982975476C08,The Unorthodox Engineers,"Kapp, Colin",,,English,2013,,0,,,,1180000/c90ca8abe960ee6fed4f982975476c08.jpg,epub,424847,,,R:\\0day\\eng14\\SFFEbook 150 Remaster\\heisy\\backup\\SFF Update 290-300\\v290-300\\Colin Kapp\\Colin Kapp - The Unorthodox Engineers.epub,,,,2014-11-17 10:57:44,2017-05-07 22:21:33
1180599,2C89A3F74E2B94872D680950B895BEB7,Survivor,"Thompson, Colin",Floods 4,,English,2007,Random House Australia,0,,,,1180000/2c89a3f74e2b94872d680950b895beb7.jpg,epub,2737625,,,R:\\0day\\eng14\\SFFEbook 150 Remaster\\heisy\\backup\\SFF Update 290-300\\v290-300\\Colin Thompson\\Colin Thompson - Floods 04 - Survivor # (v5.0).epub,version: 5.0,,,2014-11-17 10:57:44,2017-05-07 22:21:33
1180600,D81DD28058E8DB833F470383A228D2DE,Conan the Raider,"Carpenter, Leonard",Conan 57,,English,2013,,0,,,,1180000/d81dd28058e8db833f470383a228d2de.jpg,epub,275665,,,R:\\0day\\eng14\\SFFEbook 150 Remaster\\heisy\\backup\\SFF Update 290-300\\v290-300\\Conan\\Conan - Conan 057 - Conan the Raider # Leonard Carpenter.epub,,,,2014-11-17 10:57:44,2017-05-07 22:21:33
1180601,97B7710D45E4FF32B3FBDED033290D37,Conan the Raider,"Carpenter, Leonard",Conan 57,,English,2013,,0,,,,1180000/97b7710d45e4ff32b3fbded033290d37.jpg,mobi,397453,,,R:\\0day\\eng14\\SFFEbook 150 Remaster\\heisy\\backup\\SFF Update 290-300\\v290-300\\Conan\\Conan - Conan 057 - Conan the Raider # Leonard Carpenter.mobi,,,,2014-11-17 10:57:44,2017-05-07 22:21:33
1180602,8D5AD612E93F9A12C92C43174612F031,Doomsday Book,"Willis, Connie",,,English,2011,Random House Publishing Group,0,9780307784445,,,1180000/8d5ad612e93f9a12c92c43174612f031.jpg,epub,675803,,,R:\\0day\\eng14\\SFFEbook 150 Remaster\\heisy\\backup\\SFF Update 290-300\\v290-300\\Connie Willis\\Connie Willis - Doomsday Book # (v5.0).epub,version: 5.0,,,2014-11-17 10:57:44,2017-05-07 22:21:33
1180603,21AD658B12535C1592967659B9982A98,Hyperion,"Simmons, Dan",Hyperion 1,,English,2011,Random House Publishing Group,0,9780307781888,,,1180000/21ad658b12535c1592967659b9982a98.jpg,epub,914966,,,R:\\0day\\eng14\\SFFEbook 150 Remaster\\heisy\\backup\\SFF Update 290-300\\v290-300\\Dan Simmons\\Dan Simmons - Hyperion 01 - Hyperion # (v5.2).epub,version: 5.2,,,2014-11-17 10:57:44,2017-05-07 22:21:33
1180604,AD275C809F1097EAAC67AFDB71189A02,The Fall of Hyperion,"Simmons, Dan",Hyperion 2,,English,2011,Random House Publishing Group,0,9780307781895,,,1180000/ad275c809f1097eaac67afdb71189a02.jpg,epub,1147056,,,R:\\0day\\eng14\\SFFEbook 150 Remaster\\heisy\\backup\\SFF Update 290-300\\v290-300\\Dan Simmons\\Dan Simmons - Hyperion 02 - The Fall of Hyperion # (v5.2).epub,version: 5.2,,,2014-11-17 10:57:44,2017-05-07 22:21:33
1180605,DDCC1F2171B8078510415A8B787FF0F4,Endymion,"Simmons, Dan",Hyperion 3,,English,2011,Random House Publishing Group,0,9780307781918,,,1180000/ddcc1f2171b8078510415a8b787ff0f4.jpg,epub,1218021,,,R:\\0day\\eng14\\SFFEbook 150 Remaster\\heisy\\backup\\SFF Update 290-300\\v290-300\\Dan Simmons\\Dan Simmons - Hyperion 03 - Endymion # (v5.1).epub,version: 5.1,,,2014-11-17 10:57:44,2017-05-07 22:21:33
1180606,E72BECCC4BC1EE40B3AA2FDD4FE898F0,The Rise of Endymion,"Simmons, Dan",Hyperion 4,,English,2011,Random House Publishing Group,0,9780307781925,,,1180000/e72beccc4bc1ee40b3aa2fdd4fe898f0.jpg,epub,1319840,,,R:\\0day\\eng14\\SFFEbook 150 Remaster\\heisy\\backup\\SFF Update 290-300\\v290-300\\Dan Simmons\\Dan Simmons - Hyperion 04 - The Rise of Endymion # (v5.1).epub,version: 5.1,,,2014-11-17 10:57:44,2017-05-07 22:21:33
1180607,CF98DB4C29F1687BBD86C3F7170A6ADD,Renegades,"Worth, Dan",Progenitor Trilogy 2,,English,2011,,0,,,,,mobi,806662,,,R:\\0day\\eng14\\SFFEbook 150 Remaster\\heisy\\backup\\SFF Update 290-300\\v290-300\\Dan Worth\\Dan Worth - Progenitor Trilogy 02 - Renegades.mobi,,,,2014-11-17 10:57:44,2017-05-07 22:21:33
1180608,2ED05B8A7136DE4B1C4B77A587F8F1D1,Progeny,"Worth, Dan",Progenitor Trilogy 3,,English,2012,,0,,,,1180000/2ed05b8a7136de4b1c4b77a587f8f1d1.jpg,mobi,1018113,,,R:\\0day\\eng14\\SFFEbook 150 Remaster\\heisy\\backup\\SFF Update 290-300\\v290-300\\Dan Worth\\Dan Worth - Progenitor Trilogy 03 - Progeny # (v5.0).mobi,version: 5.0,,,2014-11-17 10:57:44,2017-05-07 22:21:33
1180609,507B0F890F812513116C60A63E923C26,The Pirates of Sufiro,"Summers, David Lee",Old Star New Earth 1,,English,2010,Lachesis Publishing,0,1885093373,,,1180000/507b0f890f812513116c60a63e923c26.jpg,mobi,345108,,,R:\\0day\\eng14\\SFFEbook 150 Remaster\\heisy\\backup\\SFF Update 290-300\\v290-300\\David Lee Summers\\David Lee Summers - Old Star New Earth 01 - The Pirates of Sufiro # (v5.0).mobi,version: 5.0,,,2014-11-17 10:57:44,2017-05-07 22:21:33
1180610,A2510F20EF86B42E112D54722D449CF3,Bloodthirst in Babylon and Malevolent,"Searles, David",,,English,2012,Samhain Publishing,0,9781609287344,,,1180000/a2510f20ef86b42e112d54722d449cf3.jpg,epub,515633,,,R:\\0day\\eng14\\SFFEbook 150 Remaster\\heisy\\backup\\SFF Update 290-300\\v290-300\\David Searles\\David Searles - Bloodthirst in Babylon and Malevolent.epub,,,,2014-11-17 10:57:44,2017-05-07 22:21:33
1180611,6C061D29CED08E2E524B49F35178ACEE,Letting Go,"Walton, David",,,English,2012,,0,,,,1180000/6c061d29ced08e2e524b49f35178acee.jpg,mobi,200947,,,R:\\0day\\eng14\\SFFEbook 150 Remaster\\heisy\\backup\\SFF Update 290-300\\v290-300\\David Walton\\David Walton - Letting Go.mobi,,,,2014-11-17 10:57:44,2017-05-07 22:21:33
1180612,63F696F9CB1B04342FCAADCCA96B7232,Beginnings,"Weber, David",to read 1 4,,English,2013,Baen,0,"9781451639247,9781451639032",,,1180000/63f696f9cb1b04342fcaadcca96b7232.jpg,epub,576586,,,R:\\0day\\eng14\\SFFEbook 150 Remaster\\heisy\\backup\\SFF Update 290-300\\v290-300\\David Weber\\David Weber - Beginnings # (eARC).epub,,,,2014-11-17 10:57:44,2017-05-07 22:21:33
1180613,D0E9CC1243321637A791829849C4E401,Beginnings,"Weber, David",,,English,2013,,0,"9781451639247,9781451639032",,,1180000/d0e9cc1243321637a791829849c4e401.jpg,mobi,821336,,,R:\\0day\\eng14\\SFFEbook 150 Remaster\\heisy\\backup\\SFF Update 290-300\\v290-300\\David Weber\\David Weber - Beginnings # (eARC).mobi,,,,2014-11-17 10:57:44,2017-05-07 22:21:33
1180614,D07E8F9D9BBB62EC0EC27367F5D6230E,Treecat Wars,"Weber, David",Star Kingdom 3,,English,2013,Baen,0,,,,1180000/d07e8f9d9bbb62ec0ec27367f5d6230e.jpg,mobi,497671,,,R:\\0day\\eng14\\SFFEbook 150 Remaster\\heisy\\backup\\SFF Update 290-300\\v290-300\\David Weber\\David Weber - Star Kingdom 03 - Treecat Wars # eARC.mobi,,,,2014-11-17 10:57:44,2017-05-07 22:21:33
1180615,168DD0D3BE79CCCB178A7E189962C711,32 Fangs,"Wellington, David",Laura Caxton 5,,English,2012,Crown Publishing Group,0,"9780748132522,9780749952389,9780749952433,9780749954260",,,1180000/168dd0d3be79cccb178a7e189962c711.jpg,epub,349646,,,R:\\0day\\eng14\\SFFEbook 150 Remaster\\heisy\\backup\\SFF Update 290-300\\v290-300\\David Wellington\\David Wellington - Laura Caxton 05 - 32 Fangs.epub,,,,2014-11-17 10:57:44,2017-05-07 22:21:33
1180616,DD2B6FC49C71E0E470F0C568CC6C75D8,Over the Darkened Landscape  (Short Story Collection),"Murphy, Derryl",,,English,2012,Fairwood Press,0,"9781933846354,9781618249920",,,1180000/dd2b6fc49c71e0e470f0c568cc6c75d8.jpg,mobi,733868,,,R:\\0day\\eng14\\SFFEbook 150 Remaster\\heisy\\backup\\SFF Update 290-300\\v290-300\\Derryl Murphy\\Derryl Murphy - Over the Darkened Landscape # SSC (v5.0).mobi,version: 5.0,,,2014-11-17 10:57:44,2017-05-07 22:21:33
1180617,74F1A80D772A4F34CF949784D79F1A60,Smallworld,"Green, Dominic",,,English,2010,Fingerpress Ltd,0,,,,1180000/74f1a80d772a4f34cf949784d79f1a60.jpg,mobi,599184,,,R:\\0day\\eng14\\SFFEbook 150 Remaster\\heisy\\backup\\SFF Update 290-300\\v290-300\\Dominic Green\\Dominic Green - Smallworld # (v5.0).mobi,version: 5.0,,,2014-11-17 10:57:44,2017-05-07 22:21:33
1180618,0128D6D1E72F02EA1D8635C8A69029AA,Civil War II,"Pendleton, Don",,,English,1971,Pinnacle,0,,,,1180000/0128d6d1e72f02ea1d8635c8a69029aa.jpg,epub,199628,,,R:\\0day\\eng14\\SFFEbook 150 Remaster\\heisy\\backup\\SFF Update 290-300\\v290-300\\Don Pendleton\\Don Pendleton - Civil War II.epub,,,,2014-11-17 10:57:44,2017-05-07 22:21:33
1180619,11393747C4E04C2BB75E987383A56B76,Saving Jebediah,"Ward, Doug",,,English,,Doug Ward,0,,,,1180000/11393747c4e04c2bb75e987383a56b76.jpg,epub,260324,,,R:\\0day\\eng14\\SFFEbook 150 Remaster\\heisy\\backup\\SFF Update 290-300\\v290-300\\Doug Ward\\Doug Ward - Saving Jebediah.epub,,,,2014-11-17 10:57:44,2017-05-07 22:21:33
1180620,B8C34FD4E7E7461033089E0CBFDB1CE2,Eyeball to Eyeball,"Niles, Douglas",Final Failure 1,,English,2012,Popcorn Press,0,,,,1180000/b8c34fd4e7e7461033089e0cbfdb1ce2.jpg,epub,352323,,,R:\\0day\\eng14\\SFFEbook 150 Remaster\\heisy\\backup\\SFF Update 290-300\\v290-300\\Douglas Niles\\Douglas Niles - Final Failure 01 - Eyeball to Eyeball.epub,,,,2014-11-17 10:57:44,2017-05-07 22:21:33
1180621,B1B5CD51B84C6B12BDE218D26B25D1F3,A Big Hand for the Doctor,"Colfer, Eoin",Dr. Who,,English,2013,,0,9781405912051,,,1180000/b1b5cd51b84c6b12bde218d26b25d1f3.jpg,epub,151451,,,R:\\0day\\eng14\\SFFEbook 150 Remaster\\heisy\\backup\\SFF Update 290-300\\v290-300\\Dr. Who\\BBC 50th Anniversary\\Dr. Who - A Big Hand for the Doctor # Eoin Colfer.epub,,,,2014-11-17 10:57:44,2017-05-07 22:21:33
1180622,619A0D110181E246C71B39A65F945FA1,The Nameless City,"Scott, Michael",Dr. Who,,English,2013,Penguin Group,0,9781405912105,,,1180000/619a0d110181e246c71b39a65f945fa1.jpg,epub,576861,,,R:\\0day\\eng14\\SFFEbook 150 Remaster\\heisy\\backup\\SFF Update 290-300\\v290-300\\Dr. Who\\BBC 50th Anniversary\\Dr. Who - The Nameless City # Michael Scott (v5.0).epub,version: 5.0,,,2014-11-17 10:57:44,2017-05-07 22:21:33
1180623,13C5098613F0493EFEF3F96799459BAE,The Spear of Destiny,"Sedgwick, Marcus",Dr. Who,,English,2013,Penguin Group,0,9781405912112,,,1180000/13c5098613f0493efef3f96799459bae.jpg,epub,557564,,,R:\\0day\\eng14\\SFFEbook 150 Remaster\\heisy\\backup\\SFF Update 290-300\\v290-300\\Dr. Who\\BBC 50th Anniversary\\Dr. Who - The Spear of Destiny # Marcus Sedgwick (v5.0).epub,version: 5.0,,,2014-11-17 10:57:44,2017-05-07 22:21:33
1180624,DCFB0CEA248964810CA71C8F9FF7DB9B,Harvest of Time (3rd Doctor),"Reynolds, Alastair",Dr. Who; Past Doctors 78,,English,2013,Crown Publishing Group,0,9780385346818,,,1180000/dcfb0cea248964810ca71c8f9ff7db9b.jpg,epub,2374408,,,R:\\0day\\eng14\\SFFEbook 150 Remaster\\heisy\\backup\\SFF Update 290-300\\v290-300\\Dr. Who\\BBC Past Doctors\\Dr. Who - Past Doctors 78 - Harvest of Time (3rd Doctor) # Alastair Reynolds (v5.0).epub,version: 5.0,,,2014-11-17 10:57:44,2017-05-07 22:21:33
1180625,AB838B8E78C5D203843BA1A97621E681,Selected Stories  (Short Story Collection),"Bertin, Eddy C",,,English,,,0,,,,1180000/ab838b8e78c5d203843ba1a97621e681.jpg,epub,315388,,,R:\\0day\\eng14\\SFFEbook 150 Remaster\\heisy\\backup\\SFF Update 290-300\\v290-300\\Eddy C. Bertin\\Eddy C. Bertin - Selected Stories # SSC.epub,,,,2014-11-17 10:57:44,2017-05-07 22:21:33
1180626,A67EDD9A8BE68C1A01C090448C828CD6,Masters of the Fist,"Hughes, Edward P",,,English,1989,Baen,0,,,,1180000/a67edd9a8be68c1a01c090448c828cd6.jpg,epub,313081,,,R:\\0day\\eng14\\SFFEbook 150 Remaster\\heisy\\backup\\SFF Update 290-300\\v290-300\\Edward P. Hughes\\Edward P. Hughes - Masters of the Fist.epub,,,,2014-11-17 10:57:44,2017-05-07 22:21:33
1180627,51A33D363883880233680130F8B62F14,Let Sleeping Sea-Monsters Lie-And Other Cautionary Tales  (Short Story Collection),"Ibbotson, Eva",,,English,,Macmillan Childrens Books,0,9781447205883,,,1180000/51a33d363883880233680130f8b62f14.jpg,epub,3479482,,,R:\\0day\\eng14\\SFFEbook 150 Remaster\\heisy\\backup\\SFF Update 290-300\\v290-300\\Eva Ibbotson\\Eva Ibbotson - Let Sleeping Sea-Monsters Lie-And Other Cautionary Tales # SSC (v5.0).epub,version: 5.0,,,2014-11-17 10:57:44,2017-05-07 22:21:33
1180628,AF5377F9C9A7247F0B1065467553DCAD,The Texture of Words,"Martinez, Felicidad",,,English,,Sportula,0,,,,1180000/af5377f9c9a7247f0b1065467553dcad.jpg,epub,223990,,,R:\\0day\\eng14\\SFFEbook 150 Remaster\\heisy\\backup\\SFF Update 290-300\\v290-300\\Felicidad Martinez\\Felicidad Martinez - The Texture of Words.epub,,,,2014-11-17 10:57:44,2017-05-07 22:21:33
1180629,8C63C6D3275194BF9EBBE7F0CEFE270F,Before the Fall,"Knight, Francis",Rojan Dizon 2,,English,2013,"Little, Brown Book Group",0,,,,1180000/8c63c6d3275194bf9ebbe7f0cefe270f.jpg,epub,377917,,,R:\\0day\\eng14\\SFFEbook 150 Remaster\\heisy\\backup\\SFF Update 290-300\\v290-300\\Francis Knight\\Francis Knight - Rojan Dizon 02 - Before the Fall # (v5.0).epub,version: 5.0,,,2014-11-17 10:57:44,2017-05-07 22:21:33
1180630,5CD223D7A79491A3CB4DADF9E9D062D9,The Worlds of Frank Herbert  (Short Story Collection),"Herbert, Frank",,,English,1955,Berkley Books,0,0425064832,,,1180000/5cd223d7a79491a3cb4dadf9e9d062d9.jpg,epub,295242,,,R:\\0day\\eng14\\SFFEbook 150 Remaster\\heisy\\backup\\SFF Update 290-300\\v290-300\\Frank Herbert\\Frank Herbert - The Worlds of Frank Herbert # SSC.epub,,,,2014-11-17 10:57:44,2017-05-07 22:21:33
1180631,72DA84F48765F0961822D76D9A78B75F,Horrible Imaginings  (Short Story Collection),"Leiber, Fritz",,,English,2003,E-Reads,0,,,,1180000/72da84f48765f0961822d76d9a78b75f.jpg,epub,852162,,,R:\\0day\\eng14\\SFFEbook 150 Remaster\\heisy\\backup\\SFF Update 290-300\\v290-300\\Fritz Leiber\\Fritz Leiber - Horrible Imaginings # SSC (v5.0).epub,version: 5.0,,,2014-11-17 10:57:44,2017-05-07 22:21:33
1180632,4F179F52BF92E85B705ED01F6E48FCF9,Horrible Imaginings  (Short Story Collection),"Leiber, Fritz",,,English,2003,E-Reads,0,,,,1180000/4f179f52bf92e85b705ed01f6e48fcf9.jpg,mobi,481279,,,R:\\0day\\eng14\\SFFEbook 150 Remaster\\heisy\\backup\\SFF Update 290-300\\v290-300\\Fritz Leiber\\Fritz Leiber - Horrible Imaginings # SSC (v5.0).mobi,version: 5.0,,,2014-11-17 10:57:44,2017-05-07 22:21:33
1180633,79867D167E601FBBF85700879E2095C2,Bestiary,"Dozois, Gardner; Dann, Jack (Editor)",,,English,,,0,"0441055060,9781625791382",,,1180000/79867d167e601fbbf85700879e2095c2.jpg,mobi,792191,,,R:\\0day\\eng14\\SFFEbook 150 Remaster\\heisy\\backup\\SFF Update 290-300\\v290-300\\Gardner Dozois & Jack Dann (ed)\\Gardner Dozois & Jack Dann (ed) - Bestiary.mobi,,,,2014-11-17 10:57:44,2017-05-07 22:21:33
1180634,03652602DF43F756D42345A8CEECF927,The Last Monster,"Fox, Gardner F",,,English,2012,pulpgen.com,0,,,,1180000/03652602df43f756d42345a8ceecf927.jpg,epub,645180,,,R:\\0day\\eng14\\SFFEbook 150 Remaster\\heisy\\backup\\SFF Update 290-300\\v290-300\\Gardner F. Fox\\Gardner F. Fox - The Last Monster.epub,,,,2014-11-17 10:57:44,2017-05-07 22:21:33
1180635,C50D3F7C55F5A560B6CBADCE6643CDEA,Gemma Files,"Bones, Tree of",Hexslinger 3,,English,,ChiZine Publications,0,,,,1180000/c50d3f7c55f5a560b6cbadce6643cdea.jpg,epub,638976,,,R:\\0day\\eng14\\SFFEbook 150 Remaster\\heisy\\backup\\SFF Update 290-300\\v290-300\\Gemma Files\\Gemma Files - Hexslinger 03 - Tree of Bones # (v5.0).epub,version: 5.0,,,2014-11-17 10:57:44,2017-05-07 22:21:33
1180636,E5FBD233AC6EDD75A1560D52087272AA,Gemma Files,"Bones, Tree of",Hexslinger 3,,English,,ChiZine Publications,0,,,,1180000/e5fbd233ac6edd75a1560d52087272aa.jpg,mobi,2060983,,,R:\\0day\\eng14\\SFFEbook 150 Remaster\\heisy\\backup\\SFF Update 290-300\\v290-300\\Gemma Files\\Gemma Files - Hexslinger 03 - Tree of Bones # (v5.0).mobi,version: 5.0,,,2014-11-17 10:57:44,2017-05-07 22:21:33
1180637,298F24F29ACF0DE9F2630613E484CD63,The Preparation,"Tate, Glenn",Glenn Tate 299 Days 1,,English,2012,PrepperPress.com,0,0615680682,,,1180000/298f24f29acf0de9f2630613e484cd63.jpg,epub,346302,,,R:\\0day\\eng14\\SFFEbook 150 Remaster\\heisy\\backup\\SFF Update 290-300\\v290-300\\Glenn Tate\\Glenn Tate - 299 Days 01 - The Preparation.epub,,,,2014-11-17 10:57:44,2017-05-07 22:21:33
1180638,3B54B0AAD35502C0A549E6D041981D2A,The Collapse,"Tate, Glenn",Glenn Tate 299 Days 2,,English,2012,PrepperPress.com,0,,,,1180000/3b54b0aad35502c0a549e6d041981d2a.jpg,epub,245895,,,R:\\0day\\eng14\\SFFEbook 150 Remaster\\heisy\\backup\\SFF Update 290-300\\v290-300\\Glenn Tate\\Glenn Tate - 299 Days 02 - The Collapse.epub,,,,2014-11-17 10:57:44,2017-05-07 22:21:33
1180639,A2F3241A44973AE624E9F154CF410FAE,The Community,"Tate, Glenn",Glenn Tate 299 Days 3,,English,2012,PrepperPress.com,0,,,,1180000/a2f3241a44973ae624e9f154cf410fae.jpg,epub,364764,,,R:\\0day\\eng14\\SFFEbook 150 Remaster\\heisy\\backup\\SFF Update 290-300\\v290-300\\Glenn Tate\\Glenn Tate - 299 Days 03 - The Community.epub,,,,2014-11-17 10:57:44,2017-05-07 22:21:33
1180640,AD2F7E17744E58D18778415AB088C465,The Stronghold,"Tate, Glenn",Glenn Tate 299 Days 4,,English,2012,PrepperPress.com,0,,,,1180000/ad2f7e17744e58d18778415ab088c465.jpg,epub,306319,,,R:\\0day\\eng14\\SFFEbook 150 Remaster\\heisy\\backup\\SFF Update 290-300\\v290-300\\Glenn Tate\\Glenn Tate - 299 Days 04 - The Stronghold.epub,,,,2014-11-17 10:57:44,2017-05-07 22:21:33
1180641,B81A5330025745827152CF6AF65C9619,The Visitors,"Tate, Glenn",Glenn Tate 299 Days 5,,English,2013,PrepperPress.com,0,,,,1180000/b81a5330025745827152cf6af65c9619.jpg,epub,293184,,,R:\\0day\\eng14\\SFFEbook 150 Remaster\\heisy\\backup\\SFF Update 290-300\\v290-300\\Glenn Tate\\Glenn Tate - 299 Days 05 - The Visitors.epub,,,,2014-11-17 10:57:44,2017-05-07 22:21:33
1180642,BBBFFCA7BFC25B97C17B7DFC8DEF8490,Entangled,"Hancock, Graham",,,English,2010,Disinformation Books,0,,,,1180000/bbbffca7bfc25b97c17b7dfc8def8490.jpg,epub,554063,,,R:\\0day\\eng14\\SFFEbook 150 Remaster\\heisy\\backup\\SFF Update 290-300\\v290-300\\Graham Hancock\\Graham Hancock - Entangled.epub,,,,2014-11-17 10:57:44,2017-05-07 22:21:33
1180643,01C47B41ECA55D2C67490D83093AC939,The Lost Star,"Hoover, H M",,,English,1980,Avon,0,,,,1180000/01c47b41eca55d2c67490d83093ac939.jpg,epub,141330,,,R:\\0day\\eng14\\SFFEbook 150 Remaster\\heisy\\backup\\SFF Update 290-300\\v290-300\\H. M. Hoover\\H. M. Hoover - The Lost Star.epub,,,,2014-11-17 10:57:44,2017-05-07 22:21:33
1180644,73607B2D56ABDB1B12AFC74B395977FD,"Where Flap the Tatters of the King (stories from \The King in Yellow\"")""",Robert W. Chambers,The King in Yellow,,English,,Pyrate Press,,,,,1180000/73607b2d56abdb1b12afc74b395977fd.jpg,epub,288345,,,R:\\0day\\eng14\\SFFEbook 150 Remaster\\heisy\\backup\\SFF Update 290-300\\v290-300\\H. P. Lovecraft\\H. P. Lovecraft - Where Flap the Tatters of the King # ed Unknown - tales from Cthulhu Mythos.epub,,,,2014-11-17 10:57:44,2020-03-29 23:01:51
1180645,461616D646A885308AA28E4DD6864CC2,The Sorcer's Ship,"Bok, Hannes",,,English,1969,New York : Ballantine Books,0,,,,1180000/461616d646a885308aa28e4dd6864cc2.jpg,epub,363652,,,R:\\0day\\eng14\\SFFEbook 150 Remaster\\heisy\\backup\\SFF Update 290-300\\v290-300\\Hannes Bok\\Hannes Bok - The Sorcer's Ship.epub,,,,2014-11-17 10:57:44,2017-05-07 22:21:33
1180646,7656D65A6402A50C9B6EFDB53FFEEA77,Out of This World,"Hasse, Henry",,,English,2012,pulpgen.com,0,,,,1180000/7656d65a6402a50c9b6efdb53ffeea77.jpg,epub,583621,,,R:\\0day\\eng14\\SFFEbook 150 Remaster\\heisy\\backup\\SFF Update 290-300\\v290-300\\Henry Hasse\\Henry Hasse - Out of This World.epub,,,,2014-11-17 10:57:44,2017-05-07 22:21:33
1180647,1E1E3DFEB76F559391AAEA9813CD7BF5,ASBO,"Wright, Iain Rob",,,English,2012,SalGad Publishing Group,0,,,,1180000/1e1e3dfeb76f559391aaea9813cd7bf5.jpg,epub,238748,,,R:\\0day\\eng14\\SFFEbook 150 Remaster\\heisy\\backup\\SFF Update 290-300\\v290-300\\Iain Rob Wright\\Iain Rob Wright - ASBO.epub,,,,2014-11-17 10:57:44,2017-05-07 22:21:33
1180648,5DC2133C58B3B8FD6A735134AFEC6766,Sam,"Wright, Iain Rob",,,English,2012,SalGad Publishing Group,0,,,,1180000/5dc2133c58b3b8fd6a735134afec6766.jpg,epub,266326,,,R:\\0day\\eng14\\SFFEbook 150 Remaster\\heisy\\backup\\SFF Update 290-300\\v290-300\\Iain Rob Wright\\Iain Rob Wright - Sam.epub,,,,2014-11-17 10:57:44,2017-05-07 22:21:33
1180649,E09332CD58330409E79F3DF085F2711A,Sea Sick,"Wright, Iain Rob",,,English,2012,SalGad Publishing Group,0,,,,1180000/e09332cd58330409e79f3df085f2711a.jpg,epub,319384,,,R:\\0day\\eng14\\SFFEbook 150 Remaster\\heisy\\backup\\SFF Update 290-300\\v290-300\\Iain Rob Wright\\Iain Rob Wright - Sea Sick.epub,,,,2014-11-17 10:57:44,2017-05-07 22:21:33
1180650,78D703AF94B0E1C3417AAF2DA6B5A808,The Final Winter,"Wright, Iain Rob",,,English,2011,SalGad Publishing Group,0,,,,1180000/78d703af94b0e1c3417aaf2da6b5a808.jpg,epub,275219,,,R:\\0day\\eng14\\SFFEbook 150 Remaster\\heisy\\backup\\SFF Update 290-300\\v290-300\\Iain Rob Wright\\Iain Rob Wright - The Final Winter.epub,,,,2014-11-17 10:57:44,2017-05-07 22:21:33
1180651,AB2C99CC4F427E1BB908B884A148FA84,Deep Space,"Douglas, Ian",Star Carrier 4,,English,,,0,,,,1180000/ab2c99cc4f427e1bb908b884a148fa84.jpg,epub,715728,,,R:\\0day\\eng14\\SFFEbook 150 Remaster\\heisy\\backup\\SFF Update 290-300\\v290-300\\Ian Douglas\\Ian Douglas - Star Carrier 04 - Deep Space # (v5.0).epub,version: 5.0,,,2014-11-17 10:57:44,2017-05-07 22:21:33
1180652,B71BD7205ECF5957EA15758976B19BA3,Snodgrass and Other Illusions-The Best Short Stories of Ian R. MacLeod  (Short Story Collection),"MacLeod, Ian R",,,English,2013,Open Road,0,9781480422131,,,1180000/b71bd7205ecf5957ea15758976b19ba3.jpg,epub,412642,,,R:\\0day\\eng14\\SFFEbook 150 Remaster\\heisy\\backup\\SFF Update 290-300\\v290-300\\Ian R. MacLeod\\Ian R. MacLeod - Snodgrass and Other Illusions-The Best Short Stories of Ian R. MacLeod # SSC.epub,,,,2014-11-17 10:57:44,2017-05-07 22:21:33
1180653,80B1D71B27DE0F6144C6168189A80F6C,Snodgrass and Other Illusions-The Best Short Stories of Ian R. MacLeod  (Short Story Collection),"MacLeod, Ian R",,,English,2013,Open Road,0,9781480422131,,,1180000/80b1d71b27de0f6144c6168189a80f6c.jpg,mobi,1311007,,,R:\\0day\\eng14\\SFFEbook 150 Remaster\\heisy\\backup\\SFF Update 290-300\\v290-300\\Ian R. MacLeod\\Ian R. MacLeod - Snodgrass and Other Illusions-The Best Short Stories of Ian R. MacLeod # SSC.mobi,,,,2014-11-17 10:57:44,2017-05-07 22:21:33
1180654,9236E3E5B92A3A40F34CAF4E7A43224C,Necessary Evil,"Tregillis, Ian",Milkweed Triptych 3,,English,2013,Tom Doherty Associates,0,"9780765321527,9781429943024",,,1180000/9236e3e5b92a3a40f34caf4e7a43224c.jpg,epub,459551,,,R:\\0day\\eng14\\SFFEbook 150 Remaster\\heisy\\backup\\SFF Update 290-300\\v290-300\\Ian Tregillis\\Ian Tregillis - Milkweed Triptych 03 - Necessary Evil # (v5.0).epub,version: 5.0,,,2014-11-17 10:57:44,2017-05-07 22:21:33
1180655,70FAD5D54C825F9C52AA341B4423A349,This Perfect Day,"Levin, Ira",,,English,2010,Norton,0,9781605981291,,,1180000/70fad5d54c825f9c52aa341b4423a349.jpg,mobi,503904,,,R:\\0day\\eng14\\SFFEbook 150 Remaster\\heisy\\backup\\SFF Update 290-300\\v290-300\\Ira Levin\\Ira Levin - This Perfect Day # (v5.0).mobi,version: 5.0,,,2014-11-17 10:57:44,2017-05-07 22:21:33
1180656,081840875C30950AEBA2433076AA0377,The Castle of Crossed Destinies,"Calvino, Italo",Vintage classics,,English,2010,Random House UK,0,,,,1180000/081840875c30950aeba2433076aa0377.jpg,epub,125144,,,R:\\0day\\eng14\\SFFEbook 150 Remaster\\heisy\\backup\\SFF Update 290-300\\v290-300\\Italo Calvino\\Italo Calvino - The Castle of Crossed Destinies.epub,,,,2014-11-17 10:57:44,2017-05-07 22:21:33
1180657,2BB77190C7303895A73E51E5C1AFA46E,War of the Worlds-The Resurrection,"Dillard, J M",,,English,1988,Pocket,0,,,,1180000/2bb77190c7303895a73e51e5c1afa46e.jpg,epub,276725,,,R:\\0day\\eng14\\SFFEbook 150 Remaster\\heisy\\backup\\SFF Update 290-300\\v290-300\\J. M. Dillard\\J. M. Dillard - War of the Worlds-The Resurrection.epub,,,,2014-11-17 10:57:44,2017-05-07 22:21:33
1180658,5B1D299987100607F60852FE10930FD9,Dragonborn,"Lee, Jade","Dragonborn 1; Jade Lee Romantic Fantasies, Book 1",,English,2013,ePublishing Works!,0,9781614173892,,,1180000/5b1d299987100607f60852fe10930fd9.jpg,epub,803362,,,R:\\0day\\eng14\\SFFEbook 150 Remaster\\heisy\\backup\\SFF Update 290-300\\v290-300\\Jade Lee\\Jade Lee - Dragonborn 01 - Dragonborn.epub,,,,2014-11-17 10:57:44,2017-05-07 22:21:33
1180659,3AE3D15651C26FF767A9B360FD2C467E,Dragonborn,"Lee, Jade","Dragonborn 1; Jade Lee Romantic Fantasies, Book 1",,English,2013,ePublishing Works!,0,9781614173892,,,1180000/3ae3d15651c26ff767a9b360fd2c467e.jpg,mobi,1062177,,,R:\\0day\\eng14\\SFFEbook 150 Remaster\\heisy\\backup\\SFF Update 290-300\\v290-300\\Jade Lee\\Jade Lee - Dragonborn 01 - Dragonborn.mobi,,,,2014-11-17 10:57:44,2017-05-07 22:21:33
1180660,4E534CCDA446B1C9AC885AF204248D8C,Earthblood,"Axler, James",Earthblood 1,,English,1994,Gold Eagle,0,,,,1180000/4e534ccda446b1c9ac885af204248d8c.jpg,epub,216432,,,R:\\0day\\eng14\\SFFEbook 150 Remaster\\heisy\\backup\\SFF Update 290-300\\v290-300\\James Axler\\James Axler - Earthblood 01 - Earthblood.epub,,,,2014-11-17 10:57:44,2017-05-07 22:21:33
1180661,6BDB87B1C0A428927F1F5B7A9C23F5EA,Poltergeist II-The Other Side,"Kahn, James",Poltergeist 2,,English,,Ballantine,0,0345333829,,,1180000/6bdb87b1c0a428927f1f5b7a9c23f5ea.jpg,epub,324875,,,R:\\0day\\eng14\\SFFEbook 150 Remaster\\heisy\\backup\\SFF Update 290-300\\v290-300\\James Kahn\\James Kahn - Poltergeist 02 - Poltergeist II-The Other Side.epub,,,,2014-11-17 10:57:44,2017-05-07 22:21:33
1180662,C68B03892B60A91E053AD97A36CFEBB3,Witchbreaker,"Maxey, James",Dragon Apocalypse 3,,English,2012,Solaris,0,"9781849974646,9781849974653",,,1180000/c68b03892b60a91e053ad97a36cfebb3.jpg,mobi,754925,,,R:\\0day\\eng14\\SFFEbook 150 Remaster\\heisy\\backup\\SFF Update 290-300\\v290-300\\James Maxey\\James Maxey - Dragon Apocalypse 03 - Witchbreaker # (v5.0).mobi,version: 5.0,,,2014-11-17 10:57:44,2017-05-07 22:21:33
1180663,1D3F7EDD86CF3F41ED146FAEEB5F9489,Cat & Mouse,"Patterson, James",Alex Cross 4,,English,2003,"Little, Brown and Company",0,9780759527812,,,1180000/1d3f7edd86cf3f41ed146faeeb5f9489.jpg,epub,1288383,,,R:\\0day\\eng14\\SFFEbook 150 Remaster\\heisy\\backup\\SFF Update 290-300\\v290-300\\James Patterson\\James Patterson - Alex Cross 04 - Cat & Mouse # (v5.1).epub,version: 5.1,,,2014-11-17 10:57:44,2017-05-07 22:21:33
1180664,391C5B06B04DC1485E06DA9C0750515A,Private,"Patterson, James; Paetro, Maxine",Private 1,,English,2010,"Little, Brown and Company",0,9780316102032,,,1180000/391c5b06b04dc1485e06da9c0750515a.jpg,epub,546355,,,R:\\0day\\eng14\\SFFEbook 150 Remaster\\heisy\\backup\\SFF Update 290-300\\v290-300\\James Patterson\\James Patterson - Private 01 - Private # and Maxine Paetro (v5.0).epub,version: 5.0,,,2014-11-17 10:57:44,2017-05-07 22:21:33
1180665,EE156CEE43E91EDB9439208649AE7982,Private London,"Patterson, James; Paetro, Maxine",Private 2,,English,2012,Grand Central Publishing,0,9781455515530,,,1180000/ee156cee43e91edb9439208649ae7982.jpg,epub,681786,,,R:\\0day\\eng14\\SFFEbook 150 Remaster\\heisy\\backup\\SFF Update 290-300\\v290-300\\James Patterson\\James Patterson - Private 02 - Private London # and Mark Pearson (v5.0).epub,version: 5.0,,,2014-11-17 10:57:44,2017-05-07 22:21:33
1180666,4304D1B70E24A4F65D39D80830586347,Private Games,"Patterson, James; Paetro, Maxine",Private 4,,English,,"Little, Brown and Company",0,9780316206815,,,1180000/4304d1b70e24a4f65d39d80830586347.jpg,epub,1179155,,,R:\\0day\\eng14\\SFFEbook 150 Remaster\\heisy\\backup\\SFF Update 290-300\\v290-300\\James Patterson\\James Patterson - Private 04 - Private Games # with Mark Sullivan (v5.0).epub,version: 5.0,,,2014-11-17 10:57:44,2017-05-07 22:21:33
1180667,0F3CC384A46383B113FBC0F1980F5778,Private Berlin,"Patterson, James",Private 6,,English,,"Little, Brown and Company",0,9780316211185,,,1180000/0f3cc384a46383b113fbc0f1980f5778.jpg,epub,1448104,,,R:\\0day\\eng14\\SFFEbook 150 Remaster\\heisy\\backup\\SFF Update 290-300\\v290-300\\James Patterson\\James Patterson - Private 06 - Private Berlin # with Mark Sullivan (v5.0).epub,version: 5.0,,,2014-11-17 10:57:44,2017-05-07 22:21:33
1180668,BE30F7A422F72C9212085F3F9D2820AC,Flying in the Heart of the Lafayette Escadrille  (Short Story Collection),"Van Pelt, James; Sullivan, Mark",,,English,2012,Fairwood Press,0,"9781933846347,9781618249913",,,1180000/be30f7a422f72c9212085f3f9d2820ac.jpg,mobi,1215528,,,R:\\0day\\eng14\\SFFEbook 150 Remaster\\heisy\\backup\\SFF Update 290-300\\v290-300\\James Van Pelt\\James Van Pelt - Flying in the Heart of the Lafayette Escadrille # SSC (v5.0).mobi,version: 5.0,,,2014-11-17 10:57:44,2017-05-07 22:21:33
1180669,9C2059C7D0261DFE384F8FE98F4DC1B0,The Radio Magician and Other Stories  (Short Story Collection),"Pelt, James Van",,,English,2009,Fairwood Press,0,"9780982073025,9781618249777",,,1180000/9c2059c7d0261dfe384f8fe98f4dc1b0.jpg,mobi,1091377,,,R:\\0day\\eng14\\SFFEbook 150 Remaster\\heisy\\backup\\SFF Update 290-300\\v290-300\\James Van Pelt\\James Van Pelt - The Radio Magician and Other Stories # SSC (v5.0).mobi,version: 5.0,,,2014-11-17 10:57:44,2017-05-07 22:21:33
1180670,3EEB5C68800C0ABE4589FD6ADC19A041,War,"Derleth, Jason",Legend of the Swords 1,,English,2013,,0,,,,1180000/3eeb5c68800c0abe4589fd6adc19a041.jpg,epub,1961849,,,R:\\0day\\eng14\\SFFEbook 150 Remaster\\heisy\\backup\\SFF Update 290-300\\v290-300\\Jason Derleth\\Jason Derleth - Legend of the Swords 01 - War.epub,,,,2014-11-17 10:57:44,2017-05-07 22:21:33
1180671,528DC96CC37B404BDAD09B050E263B58,War,"Derleth, Jason",Legend of the Swords 1,,English,2013,,0,,,,1180000/528dc96cc37b404bdad09b050e263b58.jpg,mobi,434961,,,R:\\0day\\eng14\\SFFEbook 150 Remaster\\heisy\\backup\\SFF Update 290-300\\v290-300\\Jason Derleth\\Jason Derleth - Legend of the Swords 01 - War.mobi,,,,2014-11-17 10:57:44,2017-05-07 22:21:33
1180672,CB8F98ABE5B4147789386948AB0455BD,Foxchase,"Young, Jeff",,,English,2011,,0,,,,1180000/cb8f98abe5b4147789386948ab0455bd.jpg,mobi,177416,,,R:\\0day\\eng14\\SFFEbook 150 Remaster\\heisy\\backup\\SFF Update 290-300\\v290-300\\Jeff Young\\Jeff Young - Foxchase # (v5.0).mobi,version: 5.0,,,2014-11-17 10:57:44,2017-05-07 22:21:33
1180673,208C22FFC53E8C0BC7FAE81DB6FC6552,Rogue Descendant,"Black, Jenna",Nikki Glass 3,,English,2013,Pocket Books,0,"9781476700083,9781476700113",,,1180000/208c22ffc53e8c0bc7fae81db6fc6552.jpg,epub,788361,,,R:\\0day\\eng14\\SFFEbook 150 Remaster\\heisy\\backup\\SFF Update 290-300\\v290-300\\Jenna Black\\Jenna Black - Nikki Glass 03 - Rogue Descendant # (v5.0).epub,version: 5.0,,,2014-11-17 10:57:44,2017-05-07 22:21:33
1180674,537B2E8218FF694F7A0400BA5EA990B7,Nightingale,"Estep, Jennifer",Bigtime 4,,English,2012,,0,,,,1180000/537b2e8218ff694f7a0400ba5ea990b7.jpg,mobi,492390,,,R:\\0day\\eng14\\SFFEbook 150 Remaster\\heisy\\backup\\SFF Update 290-300\\v290-300\\Jennifer Estep\\Jennifer Estep - Bigtime 04 - Nightingale.mobi,,,,2014-11-17 10:57:44,2017-05-07 22:21:33
1180675,CD92B594F7385AF48A20F03F397DBD6C,"Fairy Godmothers, Inc","Wardell, Jenniffer",,,English,2013,Jolly Fish Press,0,9780988649163,,,1180000/cd92b594f7385af48a20f03f397dbd6c.jpg,epub,350820,,,"R:\\0day\\eng14\\SFFEbook 150 Remaster\\heisy\\backup\\SFF Update 290-300\\v290-300\\Jenniffer Wardell\\Jenniffer Wardell - Fairy Godmothers, Inc.epub",,,,2014-11-17 10:57:44,2017-05-07 22:21:33
1180676,B0FC8FADBD5673BB18BCE273416964F1,"Fairy Godmothers, Inc","Wardell, Jenniffer",,,English,2013,Jolly Fish Press,0,9780988649163,,,1180000/b0fc8fadbd5673bb18bce273416964f1.jpg,mobi,466539,,,"R:\\0day\\eng14\\SFFEbook 150 Remaster\\heisy\\backup\\SFF Update 290-300\\v290-300\\Jenniffer Wardell\\Jenniffer Wardell - Fairy Godmothers, Inc.mobi",,,,2014-11-17 10:57:44,2017-05-07 22:21:33
1180677,252D85D61EFCF340EBB719470162BF7E,Unreliable Witness,"Walton, Jo",,,English,2011,,0,,,,,mobi,15684,,,R:\\0day\\eng14\\SFFEbook 150 Remaster\\heisy\\backup\\SFF Update 290-300\\v290-300\\Jo Walton\\Jo Walton - Unreliable Witness.mobi,,,,2014-11-17 10:57:44,2017-05-07 22:21:33
1180678,617074E4493CFA9D8015676DEB0FA299,Dead Man's Deal,"Drake, Jocelynn",Asylum 2,,English,,,0,9780062117885,,,1180000/617074e4493cfa9d8015676deb0fa299.jpg,epub,1455487,,,R:\\0day\\eng14\\SFFEbook 150 Remaster\\heisy\\backup\\SFF Update 290-300\\v290-300\\Jocelynn Drake\\Jocelynn Drake - Asylum 02 - Dead Man's Deal.epub,,,,2014-11-17 10:57:44,2017-05-07 22:21:33
1180679,7B13566EA0B6FF9F2F76D32F19762A33,Dead Man's Deal,"Drake, Jocelynn",Asylum 2,,English,,,0,9780062117885,,,1180000/7b13566ea0b6ff9f2f76d32f19762a33.jpg,mobi,1098359,,,R:\\0day\\eng14\\SFFEbook 150 Remaster\\heisy\\backup\\SFF Update 290-300\\v290-300\\Jocelynn Drake\\Jocelynn Drake - Asylum 02 - Dead Man's Deal.mobi,,,,2014-11-17 10:57:44,2017-05-07 22:21:33
1180680,7E450ED886437178116B5E13680C166E,A Separate War and Other Stories  (Short Story Collection),"Haldeman, Joe",,,English,,,0,0441014070,,,1180000/7e450ed886437178116b5e13680c166e.jpg,epub,1040724,,,R:\\0day\\eng14\\SFFEbook 150 Remaster\\heisy\\backup\\SFF Update 290-300\\v290-300\\Joe Haldeman\\Joe Haldeman - A Separate War and Other Stories # SSC.epub,,,,2014-11-17 10:57:44,2017-05-07 22:21:33
1180681,E22F930AA06C89F3C99F380452137FA5,A Separate War and Other Stories  (Short Story Collection),"Haldeman, Joe",,,English,,,0,0441014070,,,1180000/e22f930aa06c89f3c99f380452137fa5.jpg,mobi,546791,,,R:\\0day\\eng14\\SFFEbook 150 Remaster\\heisy\\backup\\SFF Update 290-300\\v290-300\\Joe Haldeman\\Joe Haldeman - A Separate War and Other Stories # SSC.mobi,,,,2014-11-17 10:57:44,2017-05-07 22:21:33
1180682,FEB297A4B830412A415C239418D60DB7,The Hemingway Hoax,"Haldeman, Joe",,,English,2012,,0,,,,1180000/feb297a4b830412a415c239418d60db7.jpg,mobi,176795,,,R:\\0day\\eng14\\SFFEbook 150 Remaster\\heisy\\backup\\SFF Update 290-300\\v290-300\\Joe Haldeman\\Joe Haldeman - The Hemingway Hoax.mobi,,,,2014-11-17 10:57:44,2017-05-07 22:21:33
1180683,4F137E77A50A6E90B84464F7A5E75230,Without Warning,"Birmingham, John",Without Warning 1,,English,,,0,,,,1180000/4f137e77a50a6e90b84464f7a5e75230.jpg,mobi,614812,,,R:\\0day\\eng14\\SFFEbook 150 Remaster\\heisy\\backup\\SFF Update 290-300\\v290-300\\John Birmingham\\John Birmingham - Without Warning 01 - Without Warning.mobi,,,,2014-11-17 10:57:44,2017-05-07 22:21:33
1180684,008A08E2B10579FE69850A0AF65559C3,Rojuun,"Carroll, John H",Wilden 1,,English,2011,John H. Carroll,0,,,,1180000/008a08e2b10579fe69850a0af65559c3.jpg,mobi,626537,,,R:\\0day\\eng14\\SFFEbook 150 Remaster\\heisy\\backup\\SFF Update 290-300\\v290-300\\John H. Carroll\\John H. Carroll - Wilden 01 - Rojuun # (v5.0).mobi,version: 5.0,,,2014-11-17 10:57:44,2017-05-07 22:21:33
1180685,C8A6BE5D73D3E43BD3D632385F550F10,The Way of the Wizard,"Adams, John Joseph (Editor)",,,English,2011,Prime Books,0,"9781607012757,9781607012320",,,1180000/c8a6be5d73d3e43bd3d632385f550f10.jpg,epub,678436,,,R:\\0day\\eng14\\SFFEbook 150 Remaster\\heisy\\backup\\SFF Update 290-300\\v290-300\\John Joseph Adams (ed)\\John Joseph Adams (ed) - The Way of the Wizard # (v5.0).epub,version: 5.0,,,2014-11-17 10:57:44,2017-05-07 22:21:33
1180686,1626654950765FB1AB7302A00B00535B,The Last Hot Time,"Ford, John M",,,English,1999,Tor Books,0,,,,1180000/1626654950765fb1ab7302a00b00535b.jpg,epub,275899,,,R:\\0day\\eng14\\SFFEbook 150 Remaster\\heisy\\backup\\SFF Update 290-300\\v290-300\\John M. Ford\\John M. Ford - The Last Hot Time.epub,,,,2014-11-17 10:57:44,2017-05-07 22:21:33
1180687,BE8051B51E48ECE7EEBF931A59655651,Under a Graveyard Sky,"Ringo, John",Black Tide Rising 1,,English,2013,Baen,0,9781451639193,,,1180000/be8051b51e48ece7eebf931a59655651.jpg,epub,470071,,,R:\\0day\\eng14\\SFFEbook 150 Remaster\\heisy\\backup\\SFF Update 290-300\\v290-300\\John Ringo\\John Ringo - Black Tide Rising 01 - Under a Graveyard Sky # eARC.epub,,,,2014-11-17 10:57:44,2017-05-07 22:21:33
1180688,85B8A5529F7B55D60625723BF4F0EE7D,Under a Graveyard Sky,"Ringo, John",Black Tide Rising 1,,English,2013,Baen,0,9781451639193,,,1180000/85b8a5529f7b55d60625723bf4f0ee7d.jpg,mobi,1154712,,,R:\\0day\\eng14\\SFFEbook 150 Remaster\\heisy\\backup\\SFF Update 290-300\\v290-300\\John Ringo\\John Ringo - Black Tide Rising 01 - Under a Graveyard Sky # eARC.mobi,,,,2014-11-17 10:57:44,2017-05-07 22:21:33
1180689,ABDEE78475A89F8C4116EDBA3C54F397,Who Goes There,"Campbell, John W",,,English,2010,RosettaBooks,0,9780795300660,,,1180000/abdee78475a89f8c4116edba3c54f397.jpg,epub,104160,,,R:\\0day\\eng14\\SFFEbook 150 Remaster\\heisy\\backup\\SFF Update 290-300\\v290-300\\John W. Campbell\\John W. Campbell - Who Goes There # (v5.0).epub,version: 5.0,,,2014-11-17 10:57:44,2017-05-07 22:21:33
1180690,00174C7D0FE2CAF1041E9331A7CA5044,Who Goes There,"Campbell, John W",,,English,2010,RosettaBooks,0,9780795300660,,,1180000/00174c7d0fe2caf1041e9331a7ca5044.jpg,mobi,289856,,,R:\\0day\\eng14\\SFFEbook 150 Remaster\\heisy\\backup\\SFF Update 290-300\\v290-300\\John W. Campbell\\John W. Campbell - Who Goes There # (v5.0).mobi,version: 5.0,,,2014-11-17 10:57:44,2017-05-07 22:21:33
1180691,BEB2A88A6FA491B1F0F23143910A7827,The New Solaris Book of Fantasy,"Strahan, Jonathan (Editor)",Fearsome Journeys,,English,2013,Solaris,0,"9781849975667,9781849975674",,,1180000/beb2a88a6fa491b1f0f23143910a7827.jpg,mobi,686860,,,R:\\0day\\eng14\\SFFEbook 150 Remaster\\heisy\\backup\\SFF Update 290-300\\v290-300\\Jonathan Strahan (ed)\\Jonathan Strahan (ed) - Fearsome Journeys - The New Solaris Book of Fantasy # (v5.0).mobi,version: 5.0,,,2014-11-17 10:57:44,2017-05-07 22:21:33
1180692,DE5D6932B1DC70C9C8D8ADAFE010DDF3,Let's All Go to the Science Fiction Disco,"Wright, Jonathan (Editor)",Adventure Rocketship! 1,,English,2013,Wizard's Tower Press,0,9781908039217,,,1180000/de5d6932b1dc70c9c8d8adafe010ddf3.jpg,epub,1031569,,,R:\\0day\\eng14\\SFFEbook 150 Remaster\\heisy\\backup\\SFF Update 290-300\\v290-300\\Jonathan Wright (ed)\\Jonathan Wright (ed) - Adventure Rocketship! 01 - Let's All Go to the Science Fiction Disco.epub,,,,2014-11-17 10:57:44,2017-05-07 22:21:33
1180693,84F00CABAF05A8520F639FA3BDD42113,Let's All Go to the Science Fiction Disco,"Wright, Jonathan (Editor)",Adventure Rocketship! 1,,English,2013,Wizard's Tower Press,0,9781908039224,,,1180000/84f00cabaf05a8520f639fa3bdd42113.jpg,mobi,1666304,,,R:\\0day\\eng14\\SFFEbook 150 Remaster\\heisy\\backup\\SFF Update 290-300\\v290-300\\Jonathan Wright (ed)\\Jonathan Wright (ed) - Adventure Rocketship! 01 - Let's All Go to the Science Fiction Disco.mobi,,,,2014-11-17 10:57:44,2017-05-07 22:21:33
1180694,457B38152ACAC295B27FEA57E38F0462,The Beast Within,"Yanez, Jonathan",Elite 1,,English,2013,Limitless Publishing LLC,0,,,,1180000/457b38152acac295b27fea57e38f0462.jpg,mobi,390579,,,R:\\0day\\eng14\\SFFEbook 150 Remaster\\heisy\\backup\\SFF Update 290-300\\v290-300\\Jonathan Yanez\\Jonathan Yanez - Elite 01 - The Beast Within # (v5.0).mobi,version: 5.0,,,2014-11-17 10:57:44,2017-05-07 22:21:33
1180695,F9AEAAEE7A574F5D99C6E6950EF04160,Blindness,"Saramago, Jose; transl, Giovanni Pontiero",,,English,,Houghton Mifflin Harcourt,0,"0151002517,0156007754",,,1180000/f9aeaaee7a574f5d99c6e6950ef04160.jpg,epub,379403,,,R:\\0day\\eng14\\SFFEbook 150 Remaster\\heisy\\backup\\SFF Update 290-300\\v290-300\\Jose Saramago\\Jose Saramago - Blindness # Giovanni Pontiero (transl) (v5.0).epub,version: 5.0,,,2014-11-17 10:57:44,2017-05-07 22:21:33
1180696,E2746EC62A77213A6491242D8095663D,The Sharp End  (Short Story),"Nassise, Joseph",Great Undead War ,,English,2012,Harbinger Books,0,,,,1180000/e2746ec62a77213a6491242d8095663d.jpg,mobi,379168,,,R:\\0day\\eng14\\SFFEbook 150 Remaster\\heisy\\backup\\SFF Update 290-300\\v290-300\\Joseph Nassise\\Joseph Nassise - Great Undead War 00 - The Sharp End # SS (v5.0).mobi,version: 5.0,,,2014-11-17 10:57:44,2017-05-07 22:21:33
1180697,60CA5CF592D30BA941AFF0D98A257043,Goddess,"Angelini, Josephine",Starcrossed 3,,English,2013,HarperCollins,0,9780062012036,,,1180000/60ca5cf592d30ba941aff0d98a257043.jpg,epub,434555,,,R:\\0day\\eng14\\SFFEbook 150 Remaster\\heisy\\backup\\SFF Update 290-300\\v290-300\\Josephine Angelini\\Josephine Angelini - Starcrossed 03 - Goddess.epub,,,,2014-11-17 10:57:44,2017-05-07 22:21:33
1180698,3CC795B3086ACBFBBD149F5A64369CCF,The Wall,"Saxton, Josephine",,,English,2011,,0,,,,,mobi,18816,,,R:\\0day\\eng14\\SFFEbook 150 Remaster\\heisy\\backup\\SFF Update 290-300\\v290-300\\Josephine Saxton\\Josephine Saxton - The Wall.mobi,,,,2014-11-17 10:57:44,2017-05-07 22:21:33
1180699,82A0BBCB176C42B38237E94623BBEA35,The Iron Queen,"Bevis, Kaitlin",Daughters of Zeus 3,,English,2013,Musa Publishing,0,9781619376045,,,1180000/82a0bbcb176c42b38237e94623bbea35.jpg,epub,257878,,,R:\\0day\\eng14\\SFFEbook 150 Remaster\\heisy\\backup\\SFF Update 290-300\\v290-300\\Kaitlin Bevis\\Kaitlin Bevis - Daughters of Zeus 03 - The Iron Queen.epub,,,,2014-11-17 10:57:44,2017-05-07 22:21:33
1180700,429DECB9E8870BF1B8939CD7730CDCE3,The Iron Queen,"Bevis, Kaitlin",Daughters of Zeus 3,,English,2013,Musa Publishing,0,9781619376045,,,1180000/429decb9e8870bf1b8939cd7730cdce3.jpg,mobi,441223,,,R:\\0day\\eng14\\SFFEbook 150 Remaster\\heisy\\backup\\SFF Update 290-300\\v290-300\\Kaitlin Bevis\\Kaitlin Bevis - Daughters of Zeus 03 - The Iron Queen.mobi,,,,2014-11-17 10:57:44,2017-05-07 22:21:33
1180701,8F967A80E01EA77EF8C88C6CA42A525D,The Inner City  (Short Story Collection),"Heuler, Karen",,,English,2013,ChiZine,0,"9781927469347,9781926851709,9781927469187,9781927469170,9781927469255,9781927469286,9781927469057,9781927469040,9781927469071,9781927469088,9781926851662,9781926851990,9781926851983,9781927469002,9781927469019,9781927469026,9781927469033,9781926851921,9781926851938,9781926851945,9781926851952,9781926851969,97",,,1180000/8f967a80e01ea77ef8c88c6ca42a525d.jpg,epub,1632344,,,R:\\0day\\eng14\\SFFEbook 150 Remaster\\heisy\\backup\\SFF Update 290-300\\v290-300\\Karen Heuler\\Karen Heuler - The Inner City # SSC.epub,,,,2014-11-17 10:57:44,2017-05-07 22:21:33
1180702,E329B63DD5AE1FFCD82057259AEA51BB,Cold Steel,"Elliott, Kate",Spiritwalker 3,,English,2013,Orbit,0,9780316215152,,,1180000/e329b63dd5ae1ffcd82057259aea51bb.jpg,epub,1378271,,,R:\\0day\\eng14\\SFFEbook 150 Remaster\\heisy\\backup\\SFF Update 290-300\\v290-300\\Kate Elliott\\Kate Elliott - Spiritwalker 03 - Cold Steel # (v5.0).epub,version: 5.0,,,2014-11-17 10:57:44,2017-05-07 22:21:33
1180703,843FE998BB4251B48A6AA72C6C7694CE,Rules of the Game,"Wilhelm, Kate",,,English,2012,,0,,,,,mobi,22176,,,R:\\0day\\eng14\\SFFEbook 150 Remaster\\heisy\\backup\\SFF Update 290-300\\v290-300\\Kate Wilhelm\\Kate Wilhelm - Rules of the Game.mobi,,,,2014-11-17 10:57:44,2017-05-07 22:21:33
1180704,86893A640CD8236DB106F9B97E04FECD,Hounded,"Hearne, Kevin",Iron Druid Chronicles 6; with Bonus Content,,English,2011,Random House Publishing Group,0,9780345522535,,,1180000/86893a640cd8236db106f9b97e04fecd.jpg,epub,711063,,,R:\\0day\\eng14\\SFFEbook 150 Remaster\\heisy\\backup\\SFF Update 290-300\\v290-300\\Kevin Hearne\\Kevin Hearne - Iron Druid Chronicles 06 - Hounded # (v5.0).epub,version: 5.0,,,2014-11-17 10:57:44,2017-05-07 22:21:33
1180705,99951C9C24E89E3028A08E0900EB7DC2,At the Mouth of the River of Bees  (Short Story Collection),"Johnson, Kij",,,English,2012,Small Beer Press,0,"9781931520805,9781931520812",,,1180000/99951c9c24e89e3028a08e0900eb7dc2.jpg,epub,590729,,,R:\\0day\\eng14\\SFFEbook 150 Remaster\\heisy\\backup\\SFF Update 290-300\\v290-300\\Kij Johnson\\Kij Johnson - At the Mouth of the River of Bees # SSC.epub,,,,2014-11-17 10:57:44,2017-05-07 22:21:33
1180706,F76BF2BF095297578025AABA4651BC6E,Freezing Geezers,"Reed, Kit",,,English,2012,,0,,,,,mobi,22222,,,R:\\0day\\eng14\\SFFEbook 150 Remaster\\heisy\\backup\\SFF Update 290-300\\v290-300\\Kit Reed\\Kit Reed - Freezing Geezers.mobi,,,,2014-11-17 10:57:44,2017-05-07 22:21:33
1180707,50A08575E5271452AE0CC873D4E9AE06,The Magic of Recluce,"Modesitt, L E Jr",Recluce 1,,English,2010,Macmillan,0,9780812505184,,,1180000/50a08575e5271452ae0cc873d4e9ae06.jpg,epub,1017559,,,R:\\0day\\eng14\\SFFEbook 150 Remaster\\heisy\\backup\\SFF Update 290-300\\v290-300\\L. E. Modesitt Jr\\L. E. Modesitt Jr - Recluce 01 - The Magic of Recluce # (v5.1).epub,version: 5.1,,,2014-11-17 10:57:44,2017-05-07 22:21:33
1180708,D0C43134EE8DF6AAE7C8EA2A051FF603,The Towers of the Sunset,"Modesitt, L E Jr",Recluce 2,,English,1992,Tom Doherty Associates,0,"9780812519679,0812519671",,,1180000/d0c43134ee8df6aae7c8ea2a051ff603.jpg,epub,903993,,,R:\\0day\\eng14\\SFFEbook 150 Remaster\\heisy\\backup\\SFF Update 290-300\\v290-300\\L. E. Modesitt Jr\\L. E. Modesitt Jr - Recluce 02 - The Towers of the Sunset # (v5.1).epub,version: 5.1,,,2014-11-17 10:57:44,2017-05-07 22:21:33
1180709,561D9CE28694293E40D0CCB2E5E6A022,The Lion,"Sullivan, Stephen D",L5R; Scroll 7,,English,2001,Wizards of the Coast,0,,,,1180000/561d9ce28694293e40d0ccb2e5e6a022.jpg,epub,314384,,,R:\\0day\\eng14\\SFFEbook 150 Remaster\\heisy\\backup\\SFF Update 290-300\\v290-300\\L5R\\L5R - Scroll 07 - The Lion # Stephen D. Sullivan.epub,,,,2014-11-17 10:57:44,2017-05-07 22:21:33
1180710,72CA4E2EFCC17449A3256EFE56DB61CD,The Beautiful Thing That Awaits Us All  (Short Story Collection),"Barron, Laird",,,English,2014,Night Shade Books,0,,,,1180000/72ca4e2efcc17449a3256efe56db61cd.jpg,epub,319236,,,R:\\0day\\eng14\\SFFEbook 150 Remaster\\heisy\\backup\\SFF Update 290-300\\v290-300\\Laird Barron\\Laird Barron - The Beautiful Thing That Awaits Us All # SSC.epub,,,,2014-11-17 10:57:44,2017-05-07 22:21:33
1180711,87A58C6C1DA678D68FB82670B56D4E23,The Crossover-Termag in the Age of Heroes,"Kollar, Larry",,,English,2013,Green Envy Press,0,,,,1180000/87a58c6c1da678d68fb82670b56d4e23.jpg,mobi,307748,,,R:\\0day\\eng14\\SFFEbook 150 Remaster\\heisy\\backup\\SFF Update 290-300\\v290-300\\Larry Kollar\\Larry Kollar - The Crossover-Termag in the Age of Heroes.mobi,,,,2014-11-17 10:57:44,2017-05-07 22:21:33
1180712,7F64EE5BCC2F93AE653755A5B5FF4055,Habitats,"Dahners, Laurence",Ell Donsaii 7; an Ell Donsaii story 7,,English,2013,,0,,,,1180000/7f64ee5bcc2f93ae653755a5b5ff4055.jpg,epub,493918,,,R:\\0day\\eng14\\SFFEbook 150 Remaster\\heisy\\backup\\SFF Update 290-300\\v290-300\\Laurence Dahners\\Laurence Dahners - Ell Donsaii 07 - Habitats.epub,,,,2014-11-17 10:57:44,2017-05-07 22:21:33
1180713,BD18F8561FF51D8376114B00C92B56F6,Mr Monk Goes to the Firehouse,"Goldberg, Lee",Monk 1,,English,2010,"Penguin USA, Inc.",0,9781101143742,,,1180000/bd18f8561ff51d8376114b00c92b56f6.jpg,epub,270433,,,R:\\0day\\eng14\\SFFEbook 150 Remaster\\heisy\\backup\\SFF Update 290-300\\v290-300\\Lee Goldberg\\Lee Goldberg - Monk 01 - Mr Monk Goes to the Firehouse.epub,,,,2014-11-17 10:57:44,2017-05-07 22:21:33
1180714,457155F811B6A0C1E33D1B3C15C68EB8,Mr Monk Goes to Hawaii,"Goldberg, Lee",Monk 2,,English,2007,Signet,0,1429522453,,,1180000/457155f811b6a0c1e33d1b3c15c68eb8.jpg,epub,243786,,,R:\\0day\\eng14\\SFFEbook 150 Remaster\\heisy\\backup\\SFF Update 290-300\\v290-300\\Lee Goldberg\\Lee Goldberg - Monk 02 - Mr Monk Goes to Hawaii.epub,,,,2014-11-17 10:57:44,2017-05-07 22:21:33
1180715,675C86AA777792C21B3D4C9A6958C943,Mr Monk and the Blue Flu,"Goldberg, Lee",Monk 3,,English,2010,"Penguin USA, Inc.",0,9781101010754,,,1180000/675c86aa777792c21b3d4c9a6958c943.jpg,epub,303972,,,R:\\0day\\eng14\\SFFEbook 150 Remaster\\heisy\\backup\\SFF Update 290-300\\v290-300\\Lee Goldberg\\Lee Goldberg - Monk 03 - Mr Monk and the Blue Flu # (v5.0).epub,version: 5.0,,,2014-11-17 10:57:44,2017-05-07 22:21:33
1180716,ED682C046307CA5897CB6D579A29CDD0,Mr Monk and the Two Assistants,"Goldberg, Lee",Monk 4,,English,2008,NAL,0,9781436236966,,,1180000/ed682c046307ca5897cb6d579a29cdd0.jpg,epub,236591,,,R:\\0day\\eng14\\SFFEbook 150 Remaster\\heisy\\backup\\SFF Update 290-300\\v290-300\\Lee Goldberg\\Lee Goldberg - Monk 04 - Mr Monk and the Two Assistants.epub,,,,2014-11-17 10:57:44,2017-05-07 22:21:33
1180717,71CF8F84554F0AB640E1867D6A98811E,Mr Monk in Outer Space,"Goldberg, Lee",Monk 5,,English,2008,NAL,0,,,,1180000/71cf8f84554f0ab640e1867d6a98811e.jpg,epub,250203,,,R:\\0day\\eng14\\SFFEbook 150 Remaster\\heisy\\backup\\SFF Update 290-300\\v290-300\\Lee Goldberg\\Lee Goldberg - Monk 05 - Mr Monk in Outer Space.epub,,,,2014-11-17 10:57:44,2017-05-07 22:21:33
1180718,3CAC35BD4AC57BBAC8B2B58816E8F47D,Mr Monk Goes to Germany,"Goldberg, Lee",Monk 6,,English,2008,NAL,0,9781436236461,,,1180000/3cac35bd4ac57bbac8b2b58816e8f47d.jpg,epub,255517,,,R:\\0day\\eng14\\SFFEbook 150 Remaster\\heisy\\backup\\SFF Update 290-300\\v290-300\\Lee Goldberg\\Lee Goldberg - Monk 06 - Mr Monk Goes to Germany.epub,,,,2014-11-17 10:57:44,2017-05-07 22:21:33
1180719,031DA21F7410E585C5EEC6265B6E1933,Mr Monk Is Miserable,"Goldberg, Lee",Monk 7,,English,2008,NAL,0,9781440643583,,,1180000/031da21f7410e585c5eec6265b6e1933.jpg,epub,271897,,,R:\\0day\\eng14\\SFFEbook 150 Remaster\\heisy\\backup\\SFF Update 290-300\\v290-300\\Lee Goldberg\\Lee Goldberg - Monk 07 - Mr Monk Is Miserable.epub,,,,2014-11-17 10:57:44,2017-05-07 22:21:33
1180720,B1400E0152CDFBD77D1B927C5B3E4DE8,Mr Monk and the Dirty Cop,"Goldberg, Lee",Monk 8,,English,2009,NAL HARDCOVER,0,9781101104255,,,1180000/b1400e0152cdfbd77d1b927c5b3e4de8.jpg,epub,258563,,,R:\\0day\\eng14\\SFFEbook 150 Remaster\\heisy\\backup\\SFF Update 290-300\\v290-300\\Lee Goldberg\\Lee Goldberg - Monk 08 - Mr Monk and the Dirty Cop.epub,,,,2014-11-17 10:57:44,2017-05-07 22:21:33
1180721,ACDFE7AC9D016F93AB1E690339702267,Mr Monk in Trouble,"Goldberg, Lee",Monk 9,,English,,"Penguin USA, Inc.",0,9781101151921,,,1180000/acdfe7ac9d016f93ab1e690339702267.jpg,epub,275762,,,R:\\0day\\eng14\\SFFEbook 150 Remaster\\heisy\\backup\\SFF Update 290-300\\v290-300\\Lee Goldberg\\Lee Goldberg - Monk 09 - Mr Monk in Trouble # (v5.0).epub,version: 5.0,,,2014-11-17 10:57:44,2017-05-07 22:21:33
1180722,890E7E6A6740103AA5BAF7A5C36E50F1,Mr Monk Is Cleaned Out,"Goldberg, Lee",Monk 10,,English,2010,"Penguin Group USA, Inc.",0,9781101457238,,,1180000/890e7e6a6740103aa5baf7a5c36e50f1.jpg,epub,294126,,,R:\\0day\\eng14\\SFFEbook 150 Remaster\\heisy\\backup\\SFF Update 290-300\\v290-300\\Lee Goldberg\\Lee Goldberg - Monk 10 - Mr Monk Is Cleaned Out # (v5.0).epub,version: 5.0,,,2014-11-17 10:57:44,2017-05-07 22:21:33
1180723,0C401492EE9C0C93A4B09301FAD7EB93,Mr Monk On the Road,"Goldberg, Lee",Monk 11,,English,2010,"Penguin Group USA, Inc.",0,9781101495469,,,1180000/0c401492ee9c0c93a4b09301fad7eb93.jpg,epub,289825,,,R:\\0day\\eng14\\SFFEbook 150 Remaster\\heisy\\backup\\SFF Update 290-300\\v290-300\\Lee Goldberg\\Lee Goldberg - Monk 11 - Mr Monk On the Road # (v5.0).epub,version: 5.0,,,2014-11-17 10:57:44,2017-05-07 22:21:33
1180724,FF56D67D8BA624114A9AD53E0851FBF8,Mr Monk on the Couch,"Goldberg, Lee",Monk 12,,English,2013,"Penguin Group USA, Inc.",0,9781101528945,,,1180000/ff56d67d8ba624114a9ad53e0851fbf8.jpg,epub,353953,,,R:\\0day\\eng14\\SFFEbook 150 Remaster\\heisy\\backup\\SFF Update 290-300\\v290-300\\Lee Goldberg\\Lee Goldberg - Monk 12 - Mr Monk on the Couch # (v5.0).epub,version: 5.0,,,2014-11-17 10:57:44,2017-05-07 22:21:33
1180725,72FA6140D29EA08343A2EF4E481C2D83,Last Night Out,"Gregor, Lee",,,English,2012,pulpgen.com,0,,,,1180000/72fa6140d29ea08343a2ef4e481c2d83.jpg,epub,558739,,,R:\\0day\\eng14\\SFFEbook 150 Remaster\\heisy\\backup\\SFF Update 290-300\\v290-300\\Lee Gregor\\Lee Gregor - Last Night Out.epub,,,,2014-11-17 10:57:44,2017-05-07 22:21:33
1180726,CEDE22CB6640F9B4DFD865959B8416E8,Siege and Storm,"Bardugo, Leigh",Grisha 2,,English,2013,Henry Holt and Co. (BYR),0,"9780805094602,9780805097115",,,1180000/cede22cb6640f9b4dfd865959b8416e8.jpg,epub,495632,,,R:\\0day\\eng14\\SFFEbook 150 Remaster\\heisy\\backup\\SFF Update 290-300\\v290-300\\Leigh Bardugo\\Leigh Bardugo - Grisha 02 - Siege and Storm.epub,,,,2014-11-17 10:57:44,2017-05-07 22:21:33
1180727,B68C06BA707AB92C47E76E35FFAEBBB8,The City Outside the World,"Carter, Lin",Mysteries of Mars 3,,English,1977,Wildside Press LLC,0,,,,1180000/b68c06ba707ab92c47e76e35ffaebbb8.jpg,epub,175393,,,R:\\0day\\eng14\\SFFEbook 150 Remaster\\heisy\\backup\\SFF Update 290-300\\v290-300\\Lin Carter\\Lin Carter - Mysteries of Mars 03 - The City Outside the World.epub,,,,2014-11-17 10:57:44,2017-05-07 22:21:33
1180728,8E07B27A80B47E3E1D54CEF45F0E5EA9,Need,"Tuttle, Lisa",,,English,2012,,0,,,,,mobi,23428,,,R:\\0day\\eng14\\SFFEbook 150 Remaster\\heisy\\backup\\SFF Update 290-300\\v290-300\\Lisa Tuttle\\Lisa Tuttle - Need.mobi,,,,2014-11-17 10:57:44,2017-05-07 22:21:33
1180729,2924E4506BA086EA1362303A1817E4D3,There Once Lived a Woman Who Tried to Kill Her Neighbor's Baby,"Petrushevskaya, Ludmilla",,,English,2009,Penguin Books,0,9781101145012,,,1180000/2924e4506ba086ea1362303a1817e4d3.jpg,mobi,342447,,,R:\\0day\\eng14\\SFFEbook 150 Remaster\\heisy\\backup\\SFF Update 290-300\\v290-300\\Ludmilla Petrushevskaya\\Ludmilla Petrushevskaya - There Once Lived a Woman Who Tried to Kill Her Neighbor's Baby.mobi,,,,2014-11-17 10:57:44,2017-05-07 22:21:33
1180730,5A723A4847A3054BFD7485A72E5D45FE,"Admiral's Lady-Eyes of Ice, Heart of Fire",Luke Sky Wachter,Spineward Sectors ,,English,2013,,0,,,,1180000/5a723a4847a3054bfd7485a72e5d45fe.jpg,epub,215090,,,"R:\\0day\\eng14\\SFFEbook 150 Remaster\\heisy\\backup\\SFF Update 290-300\\v290-300\\Luke Sky Wachter\\Luke Sky Wachter - Spineward Sectors 00 - Admiral's Lady-Eyes of Ice, Heart of Fire.epub",,,,2014-11-17 10:57:44,2017-05-07 22:21:33
1180731,0AC27D5121907665013180C900F29532,Admiral Who,Luke Sky Wachter,Spineward Sectors 1,,English,2012,,0,,,,1180000/0ac27d5121907665013180c900f29532.jpg,mobi,642335,,,R:\\0day\\eng14\\SFFEbook 150 Remaster\\heisy\\backup\\SFF Update 290-300\\v290-300\\Luke Sky Wachter\\Luke Sky Wachter - Spineward Sectors 01 - Admiral Who.mobi,,,,2014-11-17 10:57:44,2017-05-07 22:21:33
1180732,CFFBA2AAA86B7E96BF8272D3B49E3A84,Admiral's Gambit,Luke Sky Wachter,Spineward Sectors 2,,English,2012,,0,,,,1180000/cffba2aaa86b7e96bf8272d3b49e3a84.jpg,mobi,720878,,,R:\\0day\\eng14\\SFFEbook 150 Remaster\\heisy\\backup\\SFF Update 290-300\\v290-300\\Luke Sky Wachter\\Luke Sky Wachter - Spineward Sectors 02 - Admiral's Gambit.mobi,,,,2014-11-17 10:57:44,2017-05-07 22:21:33
1180733,748109FCA69ECC20A90540E0DC58B6C5,Magnificence,"Millet, Lydia",How the Dead Dream 3,,English,2012,W. W. Norton & Company,0,"9780393081701,9780393089790",,,1180000/748109fca69ecc20a90540e0dc58b6c5.jpg,epub,232952,,,R:\\0day\\eng14\\SFFEbook 150 Remaster\\heisy\\backup\\SFF Update 290-300\\v290-300\\Lydia Millet\\Lydia Millet - How the Dead Dream 03 - Magnificence.epub,,,,2014-11-17 10:57:44,2017-05-07 22:21:33
1180734,D475AA569C949308469CBE6E8D20801A,Magnificence,"Millet, Lydia",How the Dead Dream 3,,English,2012,Norton,0,"9780393081701,9780393089790",,,1180000/d475aa569c949308469cbe6e8d20801a.jpg,mobi,401576,,,R:\\0day\\eng14\\SFFEbook 150 Remaster\\heisy\\backup\\SFF Update 290-300\\v290-300\\Lydia Millet\\Lydia Millet - How the Dead Dream 03 - Magnificence.mobi,,,,2014-11-17 10:57:44,2017-05-07 22:21:33
1180735,3AD81BA2C6A11630045167630018025D,Graveyard Child,"Hanover, M L N",Black Sun's Daughter 5,,English,2013,,0,"9781451678086,9781451678154",,,1180000/3ad81ba2c6a11630045167630018025d.jpg,epub,735400,,,R:\\0day\\eng14\\SFFEbook 150 Remaster\\heisy\\backup\\SFF Update 290-300\\v290-300\\M. L. N. Hanover\\M. L. N. Hanover - Black Sun's Daughter 05 - Graveyard Child # (v5.0).epub,version: 5.0,,,2014-11-17 10:57:44,2017-05-07 22:21:33
1180736,2FDB53DEAA32C8E7B049F9E32E608DD9,,"Thomas, Lynne M",Apex Magazine 48 May 2013,,English,2013,Apex Publications,0,"9781937009120,9781937009151",,,1180000/2fdb53deaa32c8e7b049f9e32e608dd9.jpg,epub,584131,,,R:\\0day\\eng14\\SFFEbook 150 Remaster\\heisy\\backup\\SFF Update 290-300\\v290-300\\Magazines\\Apex\\Apex - Apex Magazine 048 # May 2013.epub,,,,2014-11-17 10:57:44,2017-05-07 22:21:33
1180737,C134588713A06853742BE338F00D8FBE,,"Thomas, Lynne M",Apex Magazine 48 May 2013,,English,2013,Apex Publications,0,"9781937009120,9781937009151",,,1180000/c134588713a06853742be338f00d8fbe.jpg,mobi,1297101,,,R:\\0day\\eng14\\SFFEbook 150 Remaster\\heisy\\backup\\SFF Update 290-300\\v290-300\\Magazines\\Apex\\Apex - Apex Magazine 048 # May 2013.mobi,,,,2014-11-17 10:57:44,2017-05-07 22:21:33
1180738,7AA32F5801D83BEB3CEA3E4FC4B70762,,"Thomas, Lynne M",Apex Magazine 49 June 2013,,English,2013,Apex Publications,0,"9781937009120,9781937009151",,,1180000/7aa32f5801d83beb3cea3e4fc4b70762.jpg,epub,229924,,,R:\\0day\\eng14\\SFFEbook 150 Remaster\\heisy\\backup\\SFF Update 290-300\\v290-300\\Magazines\\Apex\\Apex - Apex Magazine 049 # June 2013.epub,,,,2014-11-17 10:57:44,2017-05-07 22:21:33
1180739,EE85A44DB8D6EF87E3CF536EB6A9B343,,"Thomas, Lynne M",Apex Magazine 49 June 2013,,English,2013,Apex Publications,0,"9781937009120,9781937009151",,,1180000/ee85a44db8d6ef87e3cf536eb6a9b343.jpg,mobi,333019,,,R:\\0day\\eng14\\SFFEbook 150 Remaster\\heisy\\backup\\SFF Update 290-300\\v290-300\\Magazines\\Apex\\Apex - Apex Magazine 049 # June 2013.mobi,,,,2014-11-17 10:57:44,2017-05-07 22:21:33
1180740,9AADE4EF8E61F35155FB63F984D0A54C,,,Apex Magazine Vol 3 issue 1 July 2009,,English,,Apex Publications,0,,,,1180000/9aade4ef8e61f35155fb63f984d0a54c.jpg,epub,57975,,,R:\\0day\\eng14\\SFFEbook 150 Remaster\\heisy\\backup\\SFF Update 290-300\\v290-300\\Magazines\\Apex\\Apex - Apex Magazine Vol 03 - Issue 001 # July 2009.epub,,,,2014-11-17 10:57:44,2017-05-07 22:21:33
1180741,5BE5585533289DB224F7CC279943D146,,,Apex Magazine Vol 3 issue 1 July 2009,,English,,Apex Publications,0,,,,1180000/5be5585533289db224f7cc279943d146.jpg,mobi,139931,,,R:\\0day\\eng14\\SFFEbook 150 Remaster\\heisy\\backup\\SFF Update 290-300\\v290-300\\Magazines\\Apex\\Apex - Apex Magazine Vol 03 - Issue 001 # July 2009.mobi,,,,2014-11-17 10:57:44,2017-05-07 22:21:33
1180742,25E691B3C4377EB60B2A49AF5EAC5F38,,,Apex Magazine Vol 3 issue 2 August 2009,,English,,Apex Publications,0,,,,1180000/25e691b3c4377eb60b2a49af5eac5f38.jpg,epub,91585,,,R:\\0day\\eng14\\SFFEbook 150 Remaster\\heisy\\backup\\SFF Update 290-300\\v290-300\\Magazines\\Apex\\Apex - Apex Magazine Vol 03 - Issue 002 # August 2009.epub,,,,2014-11-17 10:57:44,2017-05-07 22:21:33
1180743,DF5FEC364A8CD5F662540A5BF9978C71,,,Apex Magazine Vol 3 issue 2 August 2009,,English,,Apex Publications,0,,,,1180000/df5fec364a8cd5f662540a5bf9978c71.jpg,mobi,234523,,,R:\\0day\\eng14\\SFFEbook 150 Remaster\\heisy\\backup\\SFF Update 290-300\\v290-300\\Magazines\\Apex\\Apex - Apex Magazine Vol 03 - Issue 002 # August 2009.mobi,,,,2014-11-17 10:57:44,2017-05-07 22:21:33
1180744,BE55ACA5FDDEC67EA6A4F8C6CAA224C3,,,Apex Magazine Vol 3 issue 3 September 2009,,English,,Apex Publications,0,,,,1180000/be55aca5fddec67ea6a4f8c6caa224c3.jpg,epub,89442,,,R:\\0day\\eng14\\SFFEbook 150 Remaster\\heisy\\backup\\SFF Update 290-300\\v290-300\\Magazines\\Apex\\Apex - Apex Magazine Vol 03 - Issue 003 # September 2009.epub,,,,2014-11-17 10:57:44,2017-05-07 22:21:33
1180745,7780080D654B0D19B0D0BEEFE5300215,,,Apex Magazine Vol 3 issue 3 September 2009,,English,,Apex Publications,0,,,,1180000/7780080d654b0d19b0d0beefe5300215.jpg,mobi,211437,,,R:\\0day\\eng14\\SFFEbook 150 Remaster\\heisy\\backup\\SFF Update 290-300\\v290-300\\Magazines\\Apex\\Apex - Apex Magazine Vol 03 - Issue 003 # September 2009.mobi,,,,2014-11-17 10:57:44,2017-05-07 22:21:33
1180746,497C7737C04B94445EA6A8E28D337765,,,Apex Magazine Vol 3 issue 4 October 2009,,English,,Apex Publications,0,,,,1180000/497c7737c04b94445ea6a8e28d337765.jpg,epub,104487,,,R:\\0day\\eng14\\SFFEbook 150 Remaster\\heisy\\backup\\SFF Update 290-300\\v290-300\\Magazines\\Apex\\Apex - Apex Magazine Vol 03 - Issue 004 # October 2009.epub,,,,2014-11-17 10:57:44,2017-05-07 22:21:33
1180747,08F899A4E47D87281670FF938BDA6A45,,,Apex Magazine Vol 3 issue 4 October 2009,,English,,Apex Publications,0,,,,1180000/08f899a4e47d87281670ff938bda6a45.jpg,mobi,247898,,,R:\\0day\\eng14\\SFFEbook 150 Remaster\\heisy\\backup\\SFF Update 290-300\\v290-300\\Magazines\\Apex\\Apex - Apex Magazine Vol 03 - Issue 004 # October 2009.mobi,,,,2014-11-17 10:57:44,2017-05-07 22:21:33
1180748,6D175FCDDD28EF5BB39F9E5E2AAC42BF,,,Apex Magazine Vol 3 issue 5 November 2009,,English,,Apex Publications,0,,,,1180000/6d175fcddd28ef5bb39f9e5e2aac42bf.jpg,epub,105604,,,R:\\0day\\eng14\\SFFEbook 150 Remaster\\heisy\\backup\\SFF Update 290-300\\v290-300\\Magazines\\Apex\\Apex - Apex Magazine Vol 03 - Issue 005 # November 2009.epub,,,,2014-11-17 10:57:44,2017-05-07 22:21:33
1180749,F99EC30B7DDC95C730E4DBF698A729FC,,,Apex Magazine Vol 3 issue 5 November 2009,,English,,Apex Publications,0,,,,1180000/f99ec30b7ddc95c730e4dbf698a729fc.jpg,mobi,248834,,,R:\\0day\\eng14\\SFFEbook 150 Remaster\\heisy\\backup\\SFF Update 290-300\\v290-300\\Magazines\\Apex\\Apex - Apex Magazine Vol 03 - Issue 005 # November 2009.mobi,,,,2014-11-17 10:57:44,2017-05-07 22:21:33
1180750,47C5E8309AB8E20FF8D68C17986A3B8D,,,Apex Magazine Vol 3 issue 6 December 2009,,English,,Apex Publications,0,,,,1180000/47c5e8309ab8e20ff8d68c17986a3b8d.jpg,epub,95492,,,R:\\0day\\eng14\\SFFEbook 150 Remaster\\heisy\\backup\\SFF Update 290-300\\v290-300\\Magazines\\Apex\\Apex - Apex Magazine Vol 03 - Issue 006 # December 2009.epub,,,,2014-11-17 10:57:44,2017-05-07 22:21:33
1180751,4261510B05B579AD7CF94CD209BF7A26,,,Apex Magazine Vol 3 issue 6 December 2009,,English,,Apex Publications,0,,,,1180000/4261510b05b579ad7cf94cd209bf7a26.jpg,mobi,226470,,,R:\\0day\\eng14\\SFFEbook 150 Remaster\\heisy\\backup\\SFF Update 290-300\\v290-300\\Magazines\\Apex\\Apex - Apex Magazine Vol 03 - Issue 006 # December 2009.mobi,,,,2014-11-17 10:57:44,2017-05-07 22:21:33
1180752,3D63F1FEC12C92FB8E2FA7B7D8B9B914,,,Apex Magazine Vol 3 issue 7 2010,,English,,Apex Publications,0,,,,1180000/3d63f1fec12c92fb8e2fa7b7d8b9b914.jpg,epub,119852,,,R:\\0day\\eng14\\SFFEbook 150 Remaster\\heisy\\backup\\SFF Update 290-300\\v290-300\\Magazines\\Apex\\Apex - Apex Magazine Vol 03 - Issue 007 # 2010.epub,,,,2014-11-17 10:57:44,2017-05-07 22:21:33
1180753,590739CC008DB33A5F2CA18C1B87DEC2,,,Apex Magazine Vol 3 issue 7 2010,,English,,Apex Publications,0,,,,1180000/590739cc008db33a5f2ca18c1b87dec2.jpg,mobi,307449,,,R:\\0day\\eng14\\SFFEbook 150 Remaster\\heisy\\backup\\SFF Update 290-300\\v290-300\\Magazines\\Apex\\Apex - Apex Magazine Vol 03 - Issue 007 # 2010.mobi,,,,2014-11-17 10:57:44,2017-05-07 22:21:33
1180754,2D4D16B4C70071AF7AECFE5A230C9A69,,,Apex Magazine Vol 3 issue 8 January 2010,,English,,Apex Publications,0,,,,1180000/2d4d16b4c70071af7aecfe5a230c9a69.jpg,epub,108269,,,R:\\0day\\eng14\\SFFEbook 150 Remaster\\heisy\\backup\\SFF Update 290-300\\v290-300\\Magazines\\Apex\\Apex - Apex Magazine Vol 03 - Issue 008 # January 2010.epub,,,,2014-11-17 10:57:44,2017-05-07 22:21:33
1180755,4A6797D6233F24F7D02E5EC38AE55812,,,Apex Magazine Vol 3 issue 8 January 2010,,English,,Apex Publications,0,,,,1180000/4a6797d6233f24f7d02e5ec38ae55812.jpg,mobi,262932,,,R:\\0day\\eng14\\SFFEbook 150 Remaster\\heisy\\backup\\SFF Update 290-300\\v290-300\\Magazines\\Apex\\Apex - Apex Magazine Vol 03 - Issue 008 # January 2010.mobi,,,,2014-11-17 10:57:44,2017-05-07 22:21:33
1180756,50BD24EC2BE925041A70A6716347F663,,,Apex Magazine Vol 3 issue 10 March 2010,,English,,Apex Publications,0,,,,1180000/50bd24ec2be925041a70a6716347f663.jpg,epub,123625,,,R:\\0day\\eng14\\SFFEbook 150 Remaster\\heisy\\backup\\SFF Update 290-300\\v290-300\\Magazines\\Apex\\Apex - Apex Magazine Vol 03 - Issue 010 # March 2010.epub,,,,2014-11-17 10:57:44,2017-05-07 22:21:33
1180757,391AE68F0B47104F5625C5930F94E488,,,Apex Magazine Vol 3 issue 10 March 2010,,English,,Apex Publications,0,,,,1180000/391ae68f0b47104f5625c5930f94e488.jpg,mobi,309452,,,R:\\0day\\eng14\\SFFEbook 150 Remaster\\heisy\\backup\\SFF Update 290-300\\v290-300\\Magazines\\Apex\\Apex - Apex Magazine Vol 03 - Issue 010 # March 2010.mobi,,,,2014-11-17 10:57:44,2017-05-07 22:21:33
1180758,E29C97036270E711E992DF3F223A3436,,,Apex Magazine Vol 3 issue 12 May 2010,,English,,Apex Publications,0,,,,1180000/e29c97036270e711e992df3f223a3436.jpg,epub,107784,,,R:\\0day\\eng14\\SFFEbook 150 Remaster\\heisy\\backup\\SFF Update 290-300\\v290-300\\Magazines\\Apex\\Apex - Apex Magazine Vol 03 - Issue 012 # May 2010.epub,,,,2014-11-17 10:57:44,2017-05-07 22:21:33
1180759,80733664A8672679079813519A60D5BE,,,Apex Magazine Vol 3 issue 12 May 2010,,English,,Apex Publications,0,,,,1180000/80733664a8672679079813519a60d5be.jpg,mobi,262353,,,R:\\0day\\eng14\\SFFEbook 150 Remaster\\heisy\\backup\\SFF Update 290-300\\v290-300\\Magazines\\Apex\\Apex - Apex Magazine Vol 03 - Issue 012 # May 2010.mobi,,,,2014-11-17 10:57:44,2017-05-07 22:21:33
1180760,518C27F1D7B82E4FB839F1968C4E9EE3,,,Apex Magazine Vol 3 issue 13 June 2010,,English,,Apex Publications,0,,,,1180000/518c27f1d7b82e4fb839f1968c4e9ee3.jpg,epub,97490,,,R:\\0day\\eng14\\SFFEbook 150 Remaster\\heisy\\backup\\SFF Update 290-300\\v290-300\\Magazines\\Apex\\Apex - Apex Magazine Vol 03 - Issue 013 # June 2010.epub,,,,2014-11-17 10:57:44,2017-05-07 22:21:33
1180761,E81B55E10E4A7AAEB60AFF92380BB06C,,,Apex Magazine Vol 3 issue 13 June 2010,,English,,Apex Publications,0,,,,1180000/e81b55e10e4a7aaeb60aff92380bb06c.jpg,mobi,232240,,,R:\\0day\\eng14\\SFFEbook 150 Remaster\\heisy\\backup\\SFF Update 290-300\\v290-300\\Magazines\\Apex\\Apex - Apex Magazine Vol 03 - Issue 013 # June 2010.mobi,,,,2014-11-17 10:57:44,2017-05-07 22:21:33
1180762,8CA3BFB689C7F7B442DD4AAA95DDAD95,,,Apex Magazine Vol 3 issue 14 July 2010,,English,,Apex Publications,0,,,,1180000/8ca3bfb689c7f7b442dd4aaa95ddad95.jpg,epub,124756,,,R:\\0day\\eng14\\SFFEbook 150 Remaster\\heisy\\backup\\SFF Update 290-300\\v290-300\\Magazines\\Apex\\Apex - Apex Magazine Vol 03 - Issue 014 # July 2010.epub,,,,2014-11-17 10:57:44,2017-05-07 22:21:33
1180763,3F1066DB04F00944EEB83760A26F4CB9,,,Apex Magazine Vol 3 issue 14 July 2010,,English,,Apex Publications,0,,,,1180000/3f1066db04f00944eeb83760a26f4cb9.jpg,mobi,303275,,,R:\\0day\\eng14\\SFFEbook 150 Remaster\\heisy\\backup\\SFF Update 290-300\\v290-300\\Magazines\\Apex\\Apex - Apex Magazine Vol 03 - Issue 014 # July 2010.mobi,,,,2014-11-17 10:57:44,2017-05-07 22:21:33
1180764,493410F8D60D0AA532D40979E57E34B7,,"Valente, Catherynne M; Foster, Eugie; deluca, michael j; allen, mike",Apex Magazine Vol 3 issue 23 April 2011,,English,2011,Apex Publications,0,,,,1180000/493410f8d60d0aa532d40979e57e34b7.jpg,epub,521481,,,R:\\0day\\eng14\\SFFEbook 150 Remaster\\heisy\\backup\\SFF Update 290-300\\v290-300\\Magazines\\Apex\\Apex - Apex Magazine Vol 03 - Issue 023 # April 2011.epub,,,,2014-11-17 10:57:44,2017-05-07 22:21:33
1180765,608D9009975840A8B61D801F0C7F2B2C,,"Valente, Catherynne M; Foster, Eugie; deluca, michael j; allen, mike",Apex Magazine Vol 3 issue 23 April 2011,,English,2011,Apex Publications,0,,,,1180000/608d9009975840a8b61d801f0c7f2b2c.jpg,mobi,593100,,,R:\\0day\\eng14\\SFFEbook 150 Remaster\\heisy\\backup\\SFF Update 290-300\\v290-300\\Magazines\\Apex\\Apex - Apex Magazine Vol 03 - Issue 023 # April 2011.mobi,,,,2014-11-17 10:57:44,2017-05-07 22:21:33
1180766,C9702767A7F977A9AFFB482EA5CD297E,,"Valente, Catherynne M; Ludwigsen, Will; Newitz, Annalee; Butler, Jeremy R",Apex Magazine Vol 3 issue 24 May 2011,,English,2011,Apex Publications,0,,,,1180000/c9702767a7f977a9affb482ea5cd297e.jpg,epub,217625,,,R:\\0day\\eng14\\SFFEbook 150 Remaster\\heisy\\backup\\SFF Update 290-300\\v290-300\\Magazines\\Apex\\Apex - Apex Magazine Vol 03 - Issue 024 # May 2011.epub,,,,2014-11-17 10:57:44,2017-05-07 22:21:33
1180767,73F7C764086D2A2C2AE4CD0B226E04B3,,"Valente, Catherynne M; Ludwigsen, Will; Newitz, Annalee; Butler, Jeremy R",Apex Magazine Vol 3 issue 24 May 2011,,English,2011,Apex Publications,0,,,,1180000/73f7c764086d2a2c2ae4cd0b226e04b3.jpg,mobi,269327,,,R:\\0day\\eng14\\SFFEbook 150 Remaster\\heisy\\backup\\SFF Update 290-300\\v290-300\\Magazines\\Apex\\Apex - Apex Magazine Vol 03 - Issue 024 # May 2011.mobi,,,,2014-11-17 10:57:44,2017-05-07 22:21:33
1180768,C8FF5807C1DD88BFE058E3DC6EF88CF8,,"Lipkin, Shira; Susman, Tim; Arnason, Eleanor; Bledsoe, Alex",Apex Magazine Vol 3 issue 42 November 2012,,English,2012,Apex Publications,0,"9781937009076,9781937009113",,,1180000/c8ff5807c1dd88bfe058e3dc6ef88cf8.jpg,epub,459576,,,R:\\0day\\eng14\\SFFEbook 150 Remaster\\heisy\\backup\\SFF Update 290-300\\v290-300\\Magazines\\Apex\\Apex - Apex Magazine Vol 03 - Issue 042 # November 2012.epub,,,,2014-11-17 10:57:44,2017-05-07 22:21:33
1180769,D9B1F6E60C52E15227647198636BD93E,,"Lipkin, Shira; Susman, Tim; Arnason, Eleanor; Bledsoe, Alex",Apex Magazine Vol 3 issue 42 November 2012,,English,,Apex Publications,0,"9781937009076,9781937009113",,,1180000/d9b1f6e60c52e15227647198636bd93e.jpg,mobi,919195,,,R:\\0day\\eng14\\SFFEbook 150 Remaster\\heisy\\backup\\SFF Update 290-300\\v290-300\\Magazines\\Apex\\Apex - Apex Magazine Vol 03 - Issue 042 # November 2012.mobi,,,,2014-11-17 10:57:44,2017-05-07 22:21:33
1180770,5DD6E60CD06998DCCB7BDF853C9F6CC2,,"Kontis, Alethea; Ness, Mari; Ford, Jeffrey; Kaftan, Vylar",Apex Magazine Vol 3 issue 43 December 2012,,English,2012,Apex Publications,0,"9781937009076,9781937009113",,,1180000/5dd6e60cd06998dccb7bdf853c9f6cc2.jpg,epub,1004052,,,R:\\0day\\eng14\\SFFEbook 150 Remaster\\heisy\\backup\\SFF Update 290-300\\v290-300\\Magazines\\Apex\\Apex - Apex Magazine Vol 03 - Issue 043 # December 2012.epub,,,,2014-11-17 10:57:44,2017-05-07 22:21:33
1180771,7A417F3B1B3FC9A2655D8A2301198A99,,"Kontis, Alethea; Ness, Mari; Ford, Jeffrey; Kaftan, Vylar",Apex Magazine Vol 3 issue 43 December 2012,,English,,Apex Publications,0,"9781937009076,9781937009113",,,1180000/7a417f3b1b3fc9a2655d8a2301198a99.jpg,mobi,1101835,,,R:\\0day\\eng14\\SFFEbook 150 Remaster\\heisy\\backup\\SFF Update 290-300\\v290-300\\Magazines\\Apex\\Apex - Apex Magazine Vol 03 - Issue 043 # December 2012.mobi,,,,2014-11-17 10:57:44,2017-05-07 22:21:33
1180772,9DFCD820C43F41E3E2297DED31D01589,,"Cummings, Ray; Leinster, Murray; Meek, Captain S P; Pelcher, Anthony",Astounding Stories of Super-Science 1930.01 January 1930,,English,2012,,0,,,,1180000/9dfcd820c43f41e3e2297ded31d01589.jpg,epub,1061514,,,R:\\0day\\eng14\\SFFEbook 150 Remaster\\heisy\\backup\\SFF Update 290-300\\v290-300\\Magazines\\Astounding Stories of Super-Science\\Astounding Stories of Super-Science - 1930.01 - January 1930.epub,,,,2014-11-17 10:57:44,2017-05-07 22:21:33
1180773,13627E65ACB232CB3C0166FCBEF388C7,,"Cummings, Ray; Leinster, Murray; Meek, Captain S P; Pelcher, Anthony",Astounding Stories of Super-Science 1930.01 January 1930,,English,2012,,0,,,,1180000/13627e65acb232cb3c0166fcbef388c7.jpg,mobi,2321946,,,R:\\0day\\eng14\\SFFEbook 150 Remaster\\heisy\\backup\\SFF Update 290-300\\v290-300\\Magazines\\Astounding Stories of Super-Science\\Astounding Stories of Super-Science - 1930.01 - January 1930.mobi,,,,2014-11-17 10:57:44,2017-05-07 22:21:33
1180774,DBDCF9000E11EF1C03048D925A4DC2A8,,"McHugh, Ian; Allmon, Don",Beneath Ceaseless Skies 123,,English,2013,_Beneath Ceaseless Skies_ Online Magazine,0,,,,1180000/dbdcf9000e11ef1c03048d925a4dc2a8.jpg,epub,142708,,,R:\\0day\\eng14\\SFFEbook 150 Remaster\\heisy\\backup\\SFF Update 290-300\\v290-300\\Magazines\\Beneath Ceaseless Skies\\Beneath Ceaseless Skies - Beneath Ceaseless Skies 123.epub,,,,2014-11-17 10:57:44,2017-05-07 22:21:33
1180775,F310087E441A486778191317C8D1D683,,"McHugh, Ian; Allmon, Don",Beneath Ceaseless Skies 123,,English,2013,_Beneath Ceaseless Skies_ Online Magazine,0,,,,1180000/f310087e441a486778191317c8d1d683.jpg,mobi,173900,,,R:\\0day\\eng14\\SFFEbook 150 Remaster\\heisy\\backup\\SFF Update 290-300\\v290-300\\Magazines\\Beneath Ceaseless Skies\\Beneath Ceaseless Skies - Beneath Ceaseless Skies 123.mobi,,,,2014-11-17 10:57:44,2017-05-07 22:21:33
1180776,09A79A1ED05038CB5F0EA1CBA9786B5F,Unnatural Worlds,,Fiction River 1,,English,,WMG Publishing,,,,,1180000/09a79a1ed05038cb5f0ea1cba9786b5f.jpg,epub,291887,,,R:\\0day\\eng14\\SFFEbook 150 Remaster\\heisy\\backup\\SFF Update 290-300\\v290-300\\Magazines\\Fiction River\\Fiction River - Issue 01 - Unnatural Worlds.epub,,,,2014-11-17 10:57:44,2021-06-29 20:41:52
1180777,B1C9225E34E6914FFF79D1E1F607CD14,Unnatural Worlds,,Fiction River 1,,English,,WMG Publishing,,,,,1180000/b1c9225e34e6914fff79d1e1f607cd14.jpg,mobi,719863,,,R:\\0day\\eng14\\SFFEbook 150 Remaster\\heisy\\backup\\SFF Update 290-300\\v290-300\\Magazines\\Fiction River\\Fiction River - Issue 01 - Unnatural Worlds.mobi,,,,2014-11-17 10:57:44,2021-06-29 20:42:08
1180778,08F6E1C399C25A5E6709232F924D728D,How to Save the World,,Fiction River issue 2,,English,,WMG Publishing,0,,,,1180000/08f6e1c399c25a5e6709232f924d728d.jpg,epub,290337,,,R:\\0day\\eng14\\SFFEbook 150 Remaster\\heisy\\backup\\SFF Update 290-300\\v290-300\\Magazines\\Fiction River\\Fiction River - Issue 02 - How to Save the World.epub,,,,2014-11-17 10:57:44,2017-05-07 22:21:33
1180779,01B10E5DB073EC1D77E0CD4B80F7EBB8,How to Save the World,,Fiction River issue 2,,English,,WMG Publishing,0,,,,1180000/01b10e5db073ec1d77e0cd4b80f7ebb8.jpg,mobi,754521,,,R:\\0day\\eng14\\SFFEbook 150 Remaster\\heisy\\backup\\SFF Update 290-300\\v290-300\\Magazines\\Fiction River\\Fiction River - Issue 02 - How to Save the World.mobi,,,,2014-11-17 10:57:44,2017-05-07 22:21:33
1180780,D0C5C849A95315850D96AB7406166399,,"Maroney, Kevin J",New York Review of Science Fiction 297 2013-05 vol 25 no 9,,English,2013,,0,,,,1180000/d0c5c849a95315850d96ab7406166399.jpg,epub,4010988,,,R:\\0day\\eng14\\SFFEbook 150 Remaster\\heisy\\backup\\SFF Update 290-300\\v290-300\\Magazines\\New York Review of Science Fiction\\New York Review of Science Fiction - 297 - 2013-05 - vol 25 no 09.epub,,,,2014-11-17 10:57:44,2017-05-07 22:21:33
1180781,215FBDA69C47DA12E9D4F5DB60C0B15D,,"Pugmire, W H; Vaughn, Carrie; Lansdale, Joe; Barron, Laird",Nightmare issue 9 June 2013,,English,2013,John Joseph Adams,0,,,,1180000/215fbda69c47da12e9d4f5db60c0b15d.jpg,epub,1414612,,,R:\\0day\\eng14\\SFFEbook 150 Remaster\\heisy\\backup\\SFF Update 290-300\\v290-300\\Magazines\\Nightmare\\Nightmare - Issue 009 - June 2013.epub,,,,2014-11-17 10:57:44,2017-05-07 22:21:33
1180782,A52568496A9C81D69E7018F0CC299C0A,Gatecrash,"Beyer, Doug",Magic The Gathering; Secretist 2,,English,2013,Wizards of the Coast Publishing,0,9780786964567,,,1180000/a52568496a9c81d69e7018f0cc299c0a.jpg,epub,292919,,,R:\\0day\\eng14\\SFFEbook 150 Remaster\\heisy\\backup\\SFF Update 290-300\\v290-300\\Magic The Gathering\\Magic The Gathering - Secretist 02 - Gatecrash # Doug Beyer.epub,,,,2014-11-17 10:57:44,2017-05-07 22:21:33
1180783,D714BE318B32D675A7D10C24193FA402,Winged Magic,"Herbert, Mary H",Dark Horse 5,,English,1996,Wizards of the Coast,0,,,,1180000/d714be318b32d675a7d10c24193fa402.jpg,epub,244511,,,R:\\0day\\eng14\\SFFEbook 150 Remaster\\heisy\\backup\\SFF Update 290-300\\v290-300\\Mary H. Herbert\\Mary H. Herbert - Dark Horse 05 - Winged Magic.epub,,,,2014-11-17 10:57:44,2017-05-07 22:21:33
1180784,05CE0ADCDBAFE47333F97FD2AA2A851D,The God-Stone War,"Manning, Michael G",Mageborn 4,,English,,,0,,,,1180000/05ce0adcdbafe47333f97fd2aa2a851d.jpg,epub,536574,,,R:\\0day\\eng14\\SFFEbook 150 Remaster\\heisy\\backup\\SFF Update 290-300\\v290-300\\Michael G. Manning\\Michael G. Manning - Mageborn 04 - The God-Stone War.epub,,,,2014-11-17 10:57:44,2017-05-07 22:21:33
1180785,983B213DB92349D63867D805B2C99F49,The God-Stone War,"Manning, Michael G",Mageborn 4,,English,,,0,,,,,mobi,581764,,,R:\\0day\\eng14\\SFFEbook 150 Remaster\\heisy\\backup\\SFF Update 290-300\\v290-300\\Michael G. Manning\\Michael G. Manning - Mageborn 04 - The God-Stone War.mobi,,,,2014-11-17 10:57:44,2017-05-07 22:21:33
1180786,A20FCDE0DBEC3B26CE5413844A47171F,Prophecy of Fire,"Thomas, Michael G",Star Crusades Nexus 5,,English,2013,Swordworks,0,,,,1180000/a20fcde0dbec3b26ce5413844a47171f.jpg,epub,353017,,,R:\\0day\\eng14\\SFFEbook 150 Remaster\\heisy\\backup\\SFF Update 290-300\\v290-300\\Michael G. Thomas\\Michael G. Thomas - Star Crusades Nexus 05 - Prophecy of Fire.epub,,,,2014-11-17 10:57:44,2017-05-07 22:21:33
1180787,A032CA919BEE1C3CCD3B2B297AA0A37A,My Sherlock Holmes-Untold Stories of the Great Detective,"Kurland, Michael (Editor)",,,English,2012,St. Martin's Press,0,"0312280939,0312325959",,,1180000/a032ca919bee1c3ccd3b2b297aa0a37a.jpg,epub,425244,,,R:\\0day\\eng14\\SFFEbook 150 Remaster\\heisy\\backup\\SFF Update 290-300\\v290-300\\Michael Kurland (ed)\\Michael Kurland (ed) - My Sherlock Holmes-Untold Stories of the Great Detective.epub,,,,2014-11-17 10:57:44,2017-05-07 22:21:33
1180788,FA104A8E652729556E976275459859A9,My Sherlock Holmes-Untold Stories of the Great Detective,"Kurland, Michael (Editor)",,,English,2012,St. Martin's Press,0,"0312280939,0312325959",,,1180000/fa104a8e652729556e976275459859a9.jpg,mobi,652142,,,R:\\0day\\eng14\\SFFEbook 150 Remaster\\heisy\\backup\\SFF Update 290-300\\v290-300\\Michael Kurland (ed)\\Michael Kurland (ed) - My Sherlock Holmes-Untold Stories of the Great Detective.mobi,,,,2014-11-17 10:57:44,2017-05-07 22:21:33
1180789,F86E0AA9F6180B46A475425B5801A2EE,Warlord,"West, Michelle",Sun Sword 1.5,,English,2013,Warlord,0,9781927094099,,,1180000/f86e0aa9f6180b46a475425b5801a2ee.jpg,epub,43764,,,R:\\0day\\eng14\\SFFEbook 150 Remaster\\heisy\\backup\\SFF Update 290-300\\v290-300\\Michelle West\\Michelle West - Sun Sword 01.5 - Warlord.epub,,,,2014-11-17 10:57:44,2017-05-07 22:21:33
1180790,5E49351C042BCA6B92DB34C245894988,The Black Ospreys,"West, Michelle",Sun Sword 5.5,,English,2013,The Black Ospreys,0,9781927094051,,,1180000/5e49351c042bca6b92db34c245894988.jpg,epub,52235,,,R:\\0day\\eng14\\SFFEbook 150 Remaster\\heisy\\backup\\SFF Update 290-300\\v290-300\\Michelle West\\Michelle West - Sun Sword 05.5 - The Black Ospreys.epub,,,,2014-11-17 10:57:44,2017-05-07 22:21:33
1180791,BD087D9453885A73CE6F4171E1158BEF,Christmas Ghosts,"Resnick, Mike (Editor)",,,English,2013,,0,,,,1180000/bd087d9453885a73ce6f4171e1158bef.jpg,epub,301546,,,R:\\0day\\eng14\\SFFEbook 150 Remaster\\heisy\\backup\\SFF Update 290-300\\v290-300\\Mike Resnick (ed)\\Mike Resnick (ed) - Christmas Ghosts.epub,,,,2014-11-17 10:57:44,2017-05-07 22:21:33
1180792,15243A6CA699ECFE42BE39FDFDECDFDE,Christmas Ghosts,"Resnick, Mike (Editor)",,,English,2013,,0,,,,1180000/15243a6ca699ecfe42be39fdfdecdfde.jpg,mobi,446763,,,R:\\0day\\eng14\\SFFEbook 150 Remaster\\heisy\\backup\\SFF Update 290-300\\v290-300\\Mike Resnick (ed)\\Mike Resnick (ed) - Christmas Ghosts.mobi,,,,2014-11-17 10:57:44,2017-05-07 22:21:33
1180793,ADF76DC4B2361F92D65A2C97966F57CE,Socialpunk,"Leonelle, Monica",Socialpunk 1,,English,2012,Spaulding House,0,,,,1180000/adf76dc4b2361f92d65a2c97966f57ce.jpg,mobi,413136,,,R:\\0day\\eng14\\SFFEbook 150 Remaster\\heisy\\backup\\SFF Update 290-300\\v290-300\\Monica Leonelle\\Monica Leonelle - Socialpunk 01 - Socialpunk # (v5.0).mobi,version: 5.0,,,2014-11-17 10:57:44,2017-05-07 22:21:33
1180794,30353F9493B513D709EDAB97E8C25DD9,A.I. Unbound-Two Stories of Artificial Intelligence,"Kress, Nancy",,,English,2012,Microsoft,0,"9781612420684,9781612420677",,,1180000/30353f9493b513d709edab97e8c25dd9.jpg,mobi,320321,,,R:\\0day\\eng14\\SFFEbook 150 Remaster\\heisy\\backup\\SFF Update 290-300\\v290-300\\Nancy Kress\\Nancy Kress - A.I. Unbound-Two Stories of Artificial Intelligence # (v5.0).mobi,version: 5.0,,,2014-11-17 10:57:44,2017-05-07 22:21:33
1180795,7298F5E4A6E5E6BBDC8CB3446DBE9D04,Time of Day,"Mamatas, Nick",,,English,2011,,0,,,,,mobi,30732,,,R:\\0day\\eng14\\SFFEbook 150 Remaster\\heisy\\backup\\SFF Update 290-300\\v290-300\\Nick Mamatas\\Nick Mamatas - Time of Day.mobi,,,,2014-11-17 10:57:44,2017-05-07 22:21:33
1180796,AA70DFD247756386B1B5A6273C8B00B0,Bite Me,"Schnyder, P J",London Undead 1,,English,2013,Carina Press,0,9781426895654,,,1180000/aa70dfd247756386b1b5a6273c8b00b0.jpg,epub,163395,,,R:\\0day\\eng14\\SFFEbook 150 Remaster\\heisy\\backup\\SFF Update 290-300\\v290-300\\P. J. Schnyder\\P. J. Schnyder - London Undead 01 - Bite Me.epub,,,,2014-11-17 10:57:44,2017-05-07 22:21:33
1180797,CE806B6306906EF9D742D317E82CBF44,A Tomb of Winter's Plunder,"Pratt, Tim",Pathfinder Tales,,English,2013,Paizo,0,,,,1180000/ce806b6306906ef9d742d317e82cbf44.jpg,epub,26296,,,R:\\0day\\eng14\\SFFEbook 150 Remaster\\heisy\\backup\\SFF Update 290-300\\v290-300\\Pathfinder Tales\\Pathfinder Tales - Shorts - A Tomb of Winter's Plunder # Tim Pratt.epub,,,,2014-11-17 10:57:44,2017-05-07 22:21:33
1180798,19286EE129FEF293CBCAE9E0A1D24E7C,"Bastard, Sword","Pratt, Tim",Pathfinder Tales,,English,2013,Paizo,0,,,,1180000/19286ee129fef293cbcae9e0a1d24e7c.jpg,epub,25595,,,"R:\\0day\\eng14\\SFFEbook 150 Remaster\\heisy\\backup\\SFF Update 290-300\\v290-300\\Pathfinder Tales\\Pathfinder Tales - Shorts - Bastard, Sword # Tim Pratt.epub",,,,2014-11-17 10:57:44,2017-05-07 22:21:33
1180799,A8A7225A276D3E876B9793563A028EBA,All Tomorrow's Parties,"McAuley, Paul J",,,English,2013,Zinepal,0,,,,1180000/a8a7225a276d3e876b9793563a028eba.jpg,epub,34853,,,R:\\0day\\eng14\\SFFEbook 150 Remaster\\heisy\\backup\\SFF Update 290-300\\v290-300\\Paul J. McAuley\\Paul J. McAuley - All Tomorrow's Parties.epub,,,,2014-11-17 10:57:44,2017-05-07 22:21:33
1180800,0FC7235E7238119AD6A5035547927399,All Tomorrow's Parties,"McAuley, Paul J",,,English,,,0,,,,1180000/0fc7235e7238119ad6a5035547927399.jpg,mobi,39978,,,R:\\0day\\eng14\\SFFEbook 150 Remaster\\heisy\\backup\\SFF Update 290-300\\v290-300\\Paul J. McAuley\\Paul J. McAuley - All Tomorrow's Parties.mobi,,,,2014-11-17 10:57:44,2017-05-07 22:21:33
1180801,572083A092EBE4D068FD3BB8C814758F,Captive Market  (Short Story),"Dick, Philip K",,,English,1955,,0,,,,1180000/572083a092ebe4d068fd3bb8c814758f.jpg,epub,21175,,,R:\\0day\\eng14\\SFFEbook 150 Remaster\\heisy\\backup\\SFF Update 290-300\\v290-300\\Philip K. Dick\\Philip K. Dick - Captive Market # SS.epub,,,,2014-11-17 10:57:44,2017-05-07 22:21:33
1180802,9E21987E7094E9C22BC4F7DFC7C5FDBC,Fair Game  (Short Story),"Dick, Philip K",,,English,1959,,0,,,,1180000/9e21987e7094e9c22bc4f7dfc7c5fdbc.jpg,epub,16904,,,R:\\0day\\eng14\\SFFEbook 150 Remaster\\heisy\\backup\\SFF Update 290-300\\v290-300\\Philip K. Dick\\Philip K. Dick - Fair Game # SS.epub,,,,2014-11-17 10:57:44,2017-05-07 22:21:33
1180803,DFE8FE262CDE104BFA0590D95BA6510D,Nanny  (Short Story),"Dick, Philip K",,,English,1955,,0,,,,1180000/dfe8fe262cde104bfa0590d95ba6510d.jpg,epub,19537,,,R:\\0day\\eng14\\SFFEbook 150 Remaster\\heisy\\backup\\SFF Update 290-300\\v290-300\\Philip K. Dick\\Philip K. Dick - Nanny # SS.epub,,,,2014-11-17 10:57:44,2017-05-07 22:21:33
1180804,B2DD2FDC55B320EBB1382628394F8EB4,Project Earth  (Short Story),"Dick, Philip K",,,English,1953,,0,,,,1180000/b2dd2fdc55b320ebb1382628394f8eb4.jpg,epub,21361,,,R:\\0day\\eng14\\SFFEbook 150 Remaster\\heisy\\backup\\SFF Update 290-300\\v290-300\\Philip K. Dick\\Philip K. Dick - Project Earth # SS.epub,,,,2014-11-17 10:57:44,2017-05-07 22:21:33
1180805,4F3FD27954311874A2ED77BBBFDA63B0,Rautavaara's Case  (Short Story),"Dick, Philip K",,,English,1980,,0,,,,1180000/4f3fd27954311874a2ed77bbbfda63b0.jpg,epub,13706,,,R:\\0day\\eng14\\SFFEbook 150 Remaster\\heisy\\backup\\SFF Update 290-300\\v290-300\\Philip K. Dick\\Philip K. Dick - Rautavaara's Case # SS.epub,,,,2014-11-17 10:57:44,2017-05-07 22:21:33
1180806,45BCD98ED574BE8B15E62AE4012BD0A7,The King of the Elves  (Short Story),"Dick, Philip K",,,English,1953,,0,,,,1180000/45bcd98ed574be8b15e62ae4012bd0a7.jpg,epub,20000,,,R:\\0day\\eng14\\SFFEbook 150 Remaster\\heisy\\backup\\SFF Update 290-300\\v290-300\\Philip K. Dick\\Philip K. Dick - The King of the Elves # SS.epub,,,,2014-11-17 10:57:44,2017-05-07 22:21:33
1180807,19F6671DC1A0D8E82C85351A724C0E28,Ascendants of Ancients Sovereign,"Jones, Phillip E",Worlds of the Crystal Moon 1,,English,2012,"WOTCM Media, LLC",0,9780981642345,,,1180000/19f6671dc1a0d8e82c85351a724c0e28.jpg,epub,2330177,,,R:\\0day\\eng14\\SFFEbook 150 Remaster\\heisy\\backup\\SFF Update 290-300\\v290-300\\Phillip E. Jones\\Phillip E. Jones - Worlds of the Crystal Moon 01 - Ascendants of Ancients Sovereign.epub,,,,2014-11-17 10:57:44,2017-05-07 22:21:33
1180808,5E5EB03ABD052306B28193391203C4AD,School Spirits,"Hawkins, Rachel","School Spirits 1; Hex Hall Novel, A",,English,2013,Disney-Hyperion,0,9781423179085,,,1180000/5e5eb03abd052306b28193391203c4ad.jpg,epub,303249,,,R:\\0day\\eng14\\SFFEbook 150 Remaster\\heisy\\backup\\SFF Update 290-300\\v290-300\\Rachel Hawkins\\Rachel Hawkins - School Spirits 01 - School Spirits.epub,,,,2014-11-17 10:57:44,2017-05-07 22:21:33
1180809,6F798C3D7907B46A7B74A6FB69CC373E,I Sing the Body Electric  (Short Story Collection),"bradbury, Ray",,,English,1976,HarperCollins,0,0380789620,,,1180000/6f798c3d7907b46a7b74a6fb69cc373e.jpg,epub,802558,,,R:\\0day\\eng14\\SFFEbook 150 Remaster\\heisy\\backup\\SFF Update 290-300\\v290-300\\Ray Bradbury\\Ray Bradbury - I Sing the Body Electric # SSC (v5.0).epub,version: 5.0,,,2014-11-17 10:57:44,2017-05-07 22:21:33
1180810,1818A1EE6A315D3CB526C2FF76A11CEB,Quicker Than the Eye  (Short Story Collection),"bradbury, Ray",,,English,,HarperCollins,0,0380789590,,,1180000/1818a1ee6a315d3cb526c2ff76a11ceb.jpg,mobi,378678,,,R:\\0day\\eng14\\SFFEbook 150 Remaster\\heisy\\backup\\SFF Update 290-300\\v290-300\\Ray Bradbury\\Ray Bradbury - Quicker Than the Eye # SSC (v5.0).mobi,version: 5.0,,,2014-11-17 10:57:44,2017-05-07 22:21:33
1180811,E335C2C568D35DE0A8F0708DCB2DAC90,The Illustrated Man  (Short Story Collection),"bradbury, Ray",,,English,1951,HarperCollins,0,9780062079978,,,1180000/e335c2c568d35de0a8f0708dcb2dac90.jpg,epub,630317,,,R:\\0day\\eng14\\SFFEbook 150 Remaster\\heisy\\backup\\SFF Update 290-300\\v290-300\\Ray Bradbury\\Ray Bradbury - The Illustrated Man # SSC (v5.0).epub,version: 5.0,,,2014-11-17 10:57:44,2017-05-07 22:21:33
1180812,5E95D9163FE578E98F34E56842150B36,The Illustrated Man  (Short Story Collection),"bradbury, Ray",,,English,1951,HarperCollins,0,9780062079978,,,1180000/5e95d9163fe578e98f34e56842150b36.jpg,mobi,449650,,,R:\\0day\\eng14\\SFFEbook 150 Remaster\\heisy\\backup\\SFF Update 290-300\\v290-300\\Ray Bradbury\\Ray Bradbury - The Illustrated Man # SSC (v5.0).mobi,version: 5.0,,,2014-11-17 10:57:44,2017-05-07 22:21:33
1180813,D164C55A64BDE608C20C98F24CED3FF4,The October Country  (Short Story Collection),"bradbury, Ray",,,English,,HarperCollins,0,"9780380973873,0380973871",,,1180000/d164c55a64bde608c20c98f24ced3ff4.jpg,epub,3163186,,,R:\\0day\\eng14\\SFFEbook 150 Remaster\\heisy\\backup\\SFF Update 290-300\\v290-300\\Ray Bradbury\\Ray Bradbury - The October Country # SSC (v5.0).epub,version: 5.0,,,2014-11-17 10:57:44,2017-05-07 22:21:33
1180814,AB41F7E11DCF3B28B35A6D3C2E373719,The October Country  (Short Story Collection),"bradbury, Ray",,,English,,HarperCollins,0,"9780380973873,0380973871",,,1180000/ab41f7e11dcf3b28b35a6d3c2e373719.jpg,mobi,3263084,,,R:\\0day\\eng14\\SFFEbook 150 Remaster\\heisy\\backup\\SFF Update 290-300\\v290-300\\Ray Bradbury\\Ray Bradbury - The October Country # SSC (v5.0).mobi,version: 5.0,,,2014-11-17 10:57:44,2017-05-07 22:21:33
1180815,450A0648423591B40AD0B24C27BA20EB,Silverthorn,"Feist, Raymond E",Riftwar Saga 2,,English,2006,HarperCollins Publishers,0,9780007370221,,,1180000/450a0648423591b40ad0b24c27ba20eb.jpg,epub,1174596,,,R:\\0day\\eng14\\SFFEbook 150 Remaster\\heisy\\backup\\SFF Update 290-300\\v290-300\\Raymond E. Feist\\Raymond E. Feist - 01 Riftwar Saga 02 - Silverthorn # (v5.1).epub,version: 5.1,,,2014-11-17 10:57:44,2017-05-07 22:21:33
1180816,C4F81F656A57D1F67D8A9EAC20314606,Murder in LaMut,"Feist, Raymond E; Rosenberg, Joel",Legends of the Riftwar 2,,English,,HarperCollins,0,,,,1180000/c4f81f656a57d1f67d8a9eac20314606.jpg,epub,604867,,,R:\\0day\\eng14\\SFFEbook 150 Remaster\\heisy\\backup\\SFF Update 290-300\\v290-300\\Raymond E. Feist\\Raymond E. Feist - 06 Legends of the Riftwar 02 - Murder in LaMut # and Joel Rosenberg US Edition (v5.0).epub,version: 5.0,,,2014-11-17 10:57:44,2017-05-07 22:21:33
1180817,BECB163A7A6CD87CF990DA993B80FCBD,Jimmy the Hand,"Feist, Raymond E; Stirling, S M",Legends of the Riftwar 3,,English,,HarperCollins,0,,,,1180000/becb163a7a6cd87cf990da993b80fcbd.jpg,epub,619173,,,R:\\0day\\eng14\\SFFEbook 150 Remaster\\heisy\\backup\\SFF Update 290-300\\v290-300\\Raymond E. Feist\\Raymond E. Feist - 06 Legends of the Riftwar 03 - Jimmy the Hand # and S. M. Stirling US Edition (v5.0).epub,version: 5.0,,,2014-11-17 10:57:44,2017-05-07 22:21:33
1180818,3D0DCF39CECF4A2CB0735EFCDBEFF5DA,At the Gate of Darkness,"Feist, Raymond E",Demonwar Saga 2,,English,2010,HarperCollins,0,9780061993510,,,1180000/3d0dcf39cecf4a2cb0735efcdbeff5da.jpg,epub,384381,,,R:\\0day\\eng14\\SFFEbook 150 Remaster\\heisy\\backup\\SFF Update 290-300\\v290-300\\Raymond E. Feist\\Raymond E. Feist - 09 Demonwar Saga 02 - At the Gate of Darkness # (v5.0).epub,version: 5.0,,,2014-11-17 10:57:44,2017-05-07 22:21:33
1180819,0EEDEDEA6AF234E75E4D361B21D01302,Portlandtown-A Tale of the Oregon Wyldes,"DeBorde, Rob",,,English,2012,Macmillan,0,9781250006646,,,1180000/0eededea6af234e75e4d361b21d01302.jpg,epub,972264,,,R:\\0day\\eng14\\SFFEbook 150 Remaster\\heisy\\backup\\SFF Update 290-300\\v290-300\\Rob DeBorde\\Rob DeBorde - Portlandtown-A Tale of the Oregon Wyldes.epub,,,,2014-11-17 10:57:44,2017-05-07 22:21:33
1180820,1E39B4DF13F81834755DFD897AEA8B53,The Scourge,"Calas, Roberto",Kindle Serial,,English,2012,47North,0,9781611091632,,,1180000/1e39b4df13f81834755dfd897aea8b53.jpg,epub,718537,,,R:\\0day\\eng14\\SFFEbook 150 Remaster\\heisy\\backup\\SFF Update 290-300\\v290-300\\Roberto Calas\\Roberto Calas - The Scourge.epub,,,,2014-11-17 10:57:44,2017-05-07 22:21:33
1180821,23669793F1AD30FCDD8122BA26416756,Assassin's Quest,"Hobb, Robin",Farseer 3,,English,2002,Bantam Books,0,0553897470,,,1180000/23669793f1ad30fcdd8122ba26416756.jpg,epub,1261134,,,R:\\0day\\eng14\\SFFEbook 150 Remaster\\heisy\\backup\\SFF Update 290-300\\v290-300\\Robin Hobb\\Robin Hobb - Farseer 03 - Assassin's Quest # (v5.1).epub,version: 5.1,,,2014-11-17 10:57:44,2017-05-07 22:21:33
1180822,1329A2B2EA5BABB4C583334E7389E850,Ship of Magic,"Hobb, Robin",Liveship Traders 1,,English,2003,Bantam Books,0,0553900250,,,1180000/1329a2b2ea5babb4c583334e7389e850.jpg,epub,1601907,,,R:\\0day\\eng14\\SFFEbook 150 Remaster\\heisy\\backup\\SFF Update 290-300\\v290-300\\Robin Hobb\\Robin Hobb - Liveship Traders 01 - Ship of Magic # (v5.1).epub,version: 5.1,,,2014-11-17 10:57:44,2017-05-07 22:21:33
1180823,73E474D937A64AF3E6A01B3703B46CA1,The Undesirable,"Celi, S",Undesirable 1,,English,2013,Lowe Interactive Media,0,,,,1180000/73e474d937a64af3e6a01b3703b46ca1.jpg,mobi,407042,,,R:\\0day\\eng14\\SFFEbook 150 Remaster\\heisy\\backup\\SFF Update 290-300\\v290-300\\S. Celi\\S. Celi - Undesirable 01 - The Undesirable # (v5.0).mobi,version: 5.0,,,2014-11-17 10:57:44,2017-05-07 22:21:33
1180824,06C5AD372A65164A9454ED95E92504E4,Doorway Into Time,"Moskowitz, Sam (Editor)",,,English,2011,,0,,,,,mobi,216168,,,R:\\0day\\eng14\\SFFEbook 150 Remaster\\heisy\\backup\\SFF Update 290-300\\v290-300\\Sam Moskowitz (ed)\\Sam Moskowitz (ed) - Doorway Into Time.mobi,,,,2014-11-17 10:57:44,2017-05-07 22:21:33
1180825,03B75F4338263D38B5D997343A5A19F5,Microcosmic God and Other Stories,"Moskowitz, Sam (Editor)",,,English,2011,,0,,,,,mobi,210848,,,R:\\0day\\eng14\\SFFEbook 150 Remaster\\heisy\\backup\\SFF Update 290-300\\v290-300\\Sam Moskowitz (ed)\\Sam Moskowitz (ed) - Microcosmic God and Other Stories.mobi,,,,2014-11-17 10:57:44,2017-05-07 22:21:33
1180826,D637D862F9B5187B58124CCBF3A15C3F,The Vortex Blasters and Other Stories,"Moskowitz, Sam (Editor)",,,English,2011,,0,,,,,mobi,228244,,,R:\\0day\\eng14\\SFFEbook 150 Remaster\\heisy\\backup\\SFF Update 290-300\\v290-300\\Sam Moskowitz (ed)\\Sam Moskowitz (ed) - The Vortex Blasters and Other Stories.mobi,,,,2014-11-17 10:57:44,2017-05-07 22:21:33
1180827,9459F536AA115F9324559EAAA4EA4C78,Tethers,"Reinke, Sara",,,English,2013,,0,1599981688,,,1180000/9459f536aa115f9324559eaaa4ea4c78.jpg,epub,173515,,,R:\\0day\\eng14\\SFFEbook 150 Remaster\\heisy\\backup\\SFF Update 290-300\\v290-300\\Sara Reinke\\Sara Reinke - Tethers.epub,,,,2014-11-17 10:57:44,2017-05-07 22:21:33
1180828,33DEF8715C9FD6CC6A36E9DE6C802156,Book of Days,"Reinke, Sara",Tiralainn 1,,English,2013,,0,155404295X,,,1180000/33def8715c9fd6cc6a36e9de6c802156.jpg,epub,296470,,,R:\\0day\\eng14\\SFFEbook 150 Remaster\\heisy\\backup\\SFF Update 290-300\\v290-300\\Sara Reinke\\Sara Reinke - Tiralainn 01 - Book of Days.epub,,,,2014-11-17 10:57:44,2017-05-07 22:21:33
1180829,6E2074AD588A94694D55CEEA7D1F4E17,Book of Thieves,"Reinke, Sara",Tiralainn 2,,English,2013,,0,"1554043964,9781554043965",,,1180000/6e2074ad588a94694d55ceea7d1f4e17.jpg,epub,316410,,,R:\\0day\\eng14\\SFFEbook 150 Remaster\\heisy\\backup\\SFF Update 290-300\\v290-300\\Sara Reinke\\Sara Reinke - Tiralainn 02 - Book of Thieves.epub,,,,2014-11-17 10:57:44,2017-05-07 22:21:33
1180830,54BA356B721A3ADDD0A608E0750BA456,Book of Dragons,"Reinke, Sara",Tiralainn 3,,English,2013,,0,"1554044014,9781554044016",,,1180000/54ba356b721a3addd0a608e0750ba456.jpg,epub,293183,,,R:\\0day\\eng14\\SFFEbook 150 Remaster\\heisy\\backup\\SFF Update 290-300\\v290-300\\Sara Reinke\\Sara Reinke - Tiralainn 03 - Book of Dragons.epub,,,,2014-11-17 10:57:44,2017-05-07 22:21:33
1180831,4590584D25578053A5F2173F480305D8,The Tolling of Pavlov's Bells,"McGuire, Seanan",,,English,2012,,0,,,,,mobi,27672,,,R:\\0day\\eng14\\SFFEbook 150 Remaster\\heisy\\backup\\SFF Update 290-300\\v290-300\\Seanan McGuire\\Seanan McGuire - The Tolling of Pavlov's Bells.mobi,,,,2014-11-17 10:57:44,2017-05-07 22:21:33
1180832,3F4EA973AF20D4DC1C18E0563DF7C713,Abraham Lincoln-Vampire Hunter,"Grahame-Smith, Seth",,,English,2010,Grand Central Publishing,0,9780446571852,,,1180000/3f4ea973af20d4dc1c18e0563df7c713.jpg,epub,3013106,,,R:\\0day\\eng14\\SFFEbook 150 Remaster\\heisy\\backup\\SFF Update 290-300\\v290-300\\Seth Grahame-Smith\\Seth Grahame-Smith - Abraham Lincoln-Vampire Hunter # (v5.0).epub,version: 5.0,,,2014-11-17 10:57:44,2017-05-07 22:21:33
1180833,CDB3A3282F34CAD04235B008B2331ECC,Reviver,"Patrick, Seth",Reviver 1,,English,2013,St. Martin's Press,0,"9781250021700,9781250021694",,,1180000/cdb3a3282f34cad04235b008b2331ecc.jpg,epub,347319,,,R:\\0day\\eng14\\SFFEbook 150 Remaster\\heisy\\backup\\SFF Update 290-300\\v290-300\\Seth Patrick\\Seth Patrick - Reviver 01 - Reviver # (v5.0).epub,version: 5.0,,,2014-11-17 10:57:44,2017-05-07 22:21:33
1180834,B63F3102AC9441A0E07CBDF13E766A73,Dragonslayers-From Beowulf to St. George (SFF Reference),"McCullough, Joseph A",,,English,,Osprey Publishing,0,9781780967301,,,1180000/b63f3102ac9441a0e07cbdf13e766a73.jpg,epub,25960282,,,R:\\0day\\eng14\\SFFEbook 150 Remaster\\heisy\\backup\\SFF Update 290-300\\v290-300\\SFF Reference\\SFF Reference - Dragonslayers-From Beowulf to St. George # Joseph A. McCullough.epub,,,,2014-11-17 10:57:44,2017-05-07 22:21:33
1180835,82E9F0CB0A0EAEDC09F9CA7032EB9F55,Anarya's Secret,"Jones, Tim",Shadowrun; Earthdawn,,English,2010,RedBrick LLC,0,,,,1180000/82e9f0cb0a0eaedc09f9ca7032eb9f55.jpg,epub,816406,,,R:\\0day\\eng14\\SFFEbook 150 Remaster\\heisy\\backup\\SFF Update 290-300\\v290-300\\Shadowrun\\Shadowrun - Earthdawn - Anarya's Secret # Tim Jones.epub,,,,2014-11-17 10:57:44,2017-05-07 22:21:33
1180836,09DA32AE6A5849623D26A1AE84559520,Dark Shadows of Yesterday,"Woon, Hank",Shadowrun; Earthdawn; Cathay 1,,English,2010,RedBrick LLC,0,,,,1180000/09da32ae6a5849623d26a1ae84559520.jpg,epub,832964,,,R:\\0day\\eng14\\SFFEbook 150 Remaster\\heisy\\backup\\SFF Update 290-300\\v290-300\\Shadowrun\\Shadowrun - Earthdawn - Cathay 01 - Dark Shadows of Yesterday # Hank Woon.epub,,,,2014-11-17 10:57:44,2017-05-07 22:21:33
1180837,709FE91100C6E5CA388F8B5C46F3A98D,Immortal Twilight,"Woon, Hank",Shadowrun; Earthdawn; Cathay 2,,English,2011,,0,,,,1180000/709fe91100c6e5ca388f8b5c46f3a98d.jpg,epub,1278673,,,R:\\0day\\eng14\\SFFEbook 150 Remaster\\heisy\\backup\\SFF Update 290-300\\v290-300\\Shadowrun\\Shadowrun - Earthdawn - Cathay 02 - Immortal Twilight # Hank Woon.epub,,,,2014-11-17 10:57:44,2017-05-07 22:21:33
1180838,B6E38AF639A608CA860FF041BE3AA01E,Liferock,"Koke, Jak",Shadowrun; Earthdawn,,English,2012,,0,,,,1180000/b6e38af639a608ca860ff041be3aa01e.jpg,epub,783853,,,R:\\0day\\eng14\\SFFEbook 150 Remaster\\heisy\\backup\\SFF Update 290-300\\v290-300\\Shadowrun\\Shadowrun - Earthdawn - Liferock # Jak Koke.epub,,,,2014-11-17 10:57:44,2017-05-07 22:21:33
1180839,CCC15C3970D0410C6B5AA8157A248B58,Longing Ring,"Kubasik, Christopher",Shadowrun; Earthdawn 1,,English,2012,,0,,,,1180000/ccc15c3970d0410c6b5aa8157a248b58.jpg,epub,272620,,,R:\\0day\\eng14\\SFFEbook 150 Remaster\\heisy\\backup\\SFF Update 290-300\\v290-300\\Shadowrun\\Shadowrun - Earthdawn 01 - Longing Ring # Christopher Kubasik.epub,,,,2014-11-17 10:57:44,2017-05-07 22:21:33
1180840,CA5244EEF26270DB50367510B37E4AEF,Mother Speaks,"Kubasik, Christopher",Shadowrun; Earthdawn 2,,English,2012,,0,,,,1180000/ca5244eef26270db50367510b37e4aef.jpg,epub,186765,,,R:\\0day\\eng14\\SFFEbook 150 Remaster\\heisy\\backup\\SFF Update 290-300\\v290-300\\Shadowrun\\Shadowrun - Earthdawn 02 - Mother Speaks # Christopher Kubasik.epub,,,,2014-11-17 10:57:44,2017-05-07 22:21:33
1180841,E7C01F87FE9A9BE703CCED18A01D3CF4,Poisoned Memories,"Kubasik, Christopher",Shadowrun; Earthdawn 3,,English,2012,,0,,,,1180000/e7c01f87fe9a9be703cced18a01d3cf4.jpg,epub,185070,,,R:\\0day\\eng14\\SFFEbook 150 Remaster\\heisy\\backup\\SFF Update 290-300\\v290-300\\Shadowrun\\Shadowrun - Earthdawn 03 - Poisoned Memories # Christopher Kubasik.epub,,,,2014-11-17 10:57:44,2017-05-07 22:21:33
1180842,5C19C33780CE574BC14521F68C17C99B,Prophecy,"Gorden, Greg",Shadowrun; Earthdawn 4,,English,1994,RoC,0,,,,1180000/5c19c33780ce574bc14521f68c17c99b.jpg,epub,1323454,,,R:\\0day\\eng14\\SFFEbook 150 Remaster\\heisy\\backup\\SFF Update 290-300\\v290-300\\Shadowrun\\Shadowrun - Earthdawn 04 - Prophecy # Greg Gorden.epub,,,,2014-11-17 10:57:44,2017-05-07 22:21:33
1180843,8F1C7B9B08DF886C7471CB0A28D2A9D7,2XS,,Shadowrun; Shadowrun 4,,English,2012,,0,,,,1180000/8f1c7b9b08df886c7471cb0a28d2a9d7.jpg,epub,364148,,,R:\\0day\\eng14\\SFFEbook 150 Remaster\\heisy\\backup\\SFF Update 290-300\\v290-300\\Shadowrun\\Shadowrun - Shadowrun 04 - 2XS.epub,,,,2014-11-17 10:57:44,2017-05-07 22:21:33
1180844,B70CF9C6BD1F9E42597B1394D2427060,Never Trust an Elf,,Shadowrun; Shadowrun 6,,English,2012,,0,,,,1180000/b70cf9c6bd1f9e42597b1394d2427060.jpg,epub,240132,,,R:\\0day\\eng14\\SFFEbook 150 Remaster\\heisy\\backup\\SFF Update 290-300\\v290-300\\Shadowrun\\Shadowrun - Shadowrun 06 - Never Trust an Elf.epub,,,,2014-11-17 10:57:44,2017-05-07 22:21:33
1180845,7C0E0814BA82FDAB1842BD3EEE3C0348,Night's Pawn,,Shadowrun; Shadowrun 10,,English,2012,,0,,,,1180000/7c0e0814ba82fdab1842bd3eee3c0348.jpg,epub,1994836,,,R:\\0day\\eng14\\SFFEbook 150 Remaster\\heisy\\backup\\SFF Update 290-300\\v290-300\\Shadowrun\\Shadowrun - Shadowrun 10 - Night's Pawn.epub,,,,2014-11-17 10:57:44,2017-05-07 22:21:33
1180846,9520E42D4A9A9FDF1DC9447B6D24FAB0,Who Hunts the Hunter,"Smith, Nyx",Shadowrun; Shadowrun 16,,English,1995,RoC,0,,,,1180000/9520e42d4a9a9fdf1dc9447b6d24fab0.jpg,epub,271734,,,R:\\0day\\eng14\\SFFEbook 150 Remaster\\heisy\\backup\\SFF Update 290-300\\v290-300\\Shadowrun\\Shadowrun - Shadowrun 16 - Who Hunts the Hunter # Nyx Smith.epub,,,,2014-11-17 10:57:44,2017-05-07 22:21:33
1180847,B61F0E9E6923B9DB041E836A91F1FCEF,Just Compensation,"Charrette, Robert N",Shadowrun; Shadowrun 19,,English,1996,RoC,0,,,,1180000/b61f0e9e6923b9db041e836a91f1fcef.jpg,epub,334059,,,R:\\0day\\eng14\\SFFEbook 150 Remaster\\heisy\\backup\\SFF Update 290-300\\v290-300\\Shadowrun\\Shadowrun - Shadowrun 19 - Just Compensation # Robert N. Charrette.epub,,,,2014-11-17 10:57:44,2017-05-07 22:21:33
1180848,5742A21D75DB611EE51F1B249406ED88,Dead Air,"Koke, Jak",Shadowrun; Shadowrun 22,,English,1996,RoC,0,,,,1180000/5742a21d75db611ee51f1b249406ed88.jpg,epub,249380,,,R:\\0day\\eng14\\SFFEbook 150 Remaster\\heisy\\backup\\SFF Update 290-300\\v290-300\\Shadowrun\\Shadowrun - Shadowrun 22 - Dead Air # Jak Koke.epub,,,,2014-11-17 10:57:44,2017-05-07 22:21:33
1180849,A91FFDFF0BB8164167EB9CE7F0DFBA3E,Steel Rain,"Smith, Nyx",Shadowrun; Shadowrun 24,,English,1997,RoC,0,,,,1180000/a91ffdff0bb8164167eb9ce7f0dfba3e.jpg,epub,267666,,,R:\\0day\\eng14\\SFFEbook 150 Remaster\\heisy\\backup\\SFF Update 290-300\\v290-300\\Shadowrun\\Shadowrun - Shadowrun 24 - Steel Rain # Nyx Smith.epub,,,,2014-11-17 10:57:44,2017-05-07 22:21:33
1180850,E2B86EFDE6054439FBCC4F3BB38177E4,Shadowboxer,"Pollota, Nick",Shadowrun; Shadowrun 25,,English,2013,,0,,,,1180000/e2b86efde6054439fbcc4f3bb38177e4.jpg,epub,331010,,,R:\\0day\\eng14\\SFFEbook 150 Remaster\\heisy\\backup\\SFF Update 290-300\\v290-300\\Shadowrun\\Shadowrun - Shadowrun 25 - Shadowboxer # Nick Pollota.epub,,,,2014-11-17 10:57:44,2017-05-07 22:21:33
1180851,EB01141EE4F87A0E718825E6B55C5CB6,Stranger Souls,,Shadowrun; Shadowrun 26,,English,,,0,,,,1180000/eb01141ee4f87a0e718825e6b55c5cb6.jpg,epub,456124,,,R:\\0day\\eng14\\SFFEbook 150 Remaster\\heisy\\backup\\SFF Update 290-300\\v290-300\\Shadowrun\\Shadowrun - Shadowrun 26 - Stranger Souls.epub,,,,2014-11-17 10:57:44,2017-05-07 22:21:33
1180852,C46D2E308513CC6D29299D471CC56675,Headhunters,"Odom, Mel",Shadowrun; Shadowrun 27,,English,2013,,0,,,,1180000/c46d2e308513cc6d29299d471cc56675.jpg,epub,344808,,,R:\\0day\\eng14\\SFFEbook 150 Remaster\\heisy\\backup\\SFF Update 290-300\\v290-300\\Shadowrun\\Shadowrun - Shadowrun 27 - Headhunters # Mel Odom.epub,,,,2014-11-17 10:57:44,2017-05-07 22:21:33
1180853,8CBD37EB973A5FADC99CDC135DCDF609,Wolf and Raven,"Stackpole, Michael A",Shadowrun; Shadowrun 32,,English,2012,,0,,,,1180000/8cbd37eb973a5fadc99cdc135dcdf609.jpg,epub,359528,,,R:\\0day\\eng14\\SFFEbook 150 Remaster\\heisy\\backup\\SFF Update 290-300\\v290-300\\Shadowrun\\Shadowrun - Shadowrun 32 - Wolf and Raven # Michael A. Stackpole.epub,,,,2014-11-17 10:57:44,2017-05-07 22:21:33
1180854,4D6ADA881034E896A621BF33370503DD,"Run Hard, Die Fast",,Shadowrun; Shadowrun 35,,English,2012,,0,,,,1180000/4d6ada881034e896a621bf33370503dd.jpg,epub,298513,,,"R:\\0day\\eng14\\SFFEbook 150 Remaster\\heisy\\backup\\SFF Update 290-300\\v290-300\\Shadowrun\\Shadowrun - Shadowrun 35 - Run Hard, Die Fast.epub",,,,2014-11-17 10:57:44,2017-05-07 22:21:33
1180855,59BB4414D72B297772423710939CA8D3,The Burning Time,"Kenson, Stephen",Shadowrun; Shadowrun 40,,English,2001,RoC,0,,,,1180000/59bb4414d72b297772423710939ca8d3.jpg,epub,394382,,,R:\\0day\\eng14\\SFFEbook 150 Remaster\\heisy\\backup\\SFF Update 290-300\\v290-300\\Shadowrun\\Shadowrun - Shadowrun 40 - The Burning Time # Stephen Kenson (v5.0).epub,version: 5.0,,,2014-11-17 10:57:44,2017-05-07 22:21:33
1180856,DF7B34BD56EC0F8106F9DEAE032992A0,Poison Agendas,"Kenson, Stephen",Shadowrun; Shadowrun 42,,English,2006,RoC,0,,,,1180000/df7b34bd56ec0f8106f9deae032992a0.jpg,epub,183066,,,R:\\0day\\eng14\\SFFEbook 150 Remaster\\heisy\\backup\\SFF Update 290-300\\v290-300\\Shadowrun\\Shadowrun - Shadowrun 42 - Poison Agendas # Stephen Kenson.epub,,,,2014-11-17 10:57:44,2017-05-07 22:21:33
1180857,9695FDAFEE5DC63EF1C15E075A09F115,Fallen Angels,"Kenson, Stephen",Shadowrun; Shadowrun 43,,English,2006,RoC,0,,,,1180000/9695fdafee5dc63ef1c15e075a09f115.jpg,epub,190138,,,R:\\0day\\eng14\\SFFEbook 150 Remaster\\heisy\\backup\\SFF Update 290-300\\v290-300\\Shadowrun\\Shadowrun - Shadowrun 43 - Fallen Angels # Stephen Kenson.epub,,,,2014-11-17 10:57:44,2017-05-07 22:21:33
1180858,A4AB0ED52B46A6C42EE6BCEDE7C5BFBB,Drops of Corruption,"Hardy, Jason M",Shadowrun; Shadowrun 44,,English,2013,,0,,,,1180000/a4ab0ed52b46a6c42ee6bcede7c5bfbb.jpg,epub,311754,,,R:\\0day\\eng14\\SFFEbook 150 Remaster\\heisy\\backup\\SFF Update 290-300\\v290-300\\Shadowrun\\Shadowrun - Shadowrun 44 - Drops of Corruption # Jason M. Hardy.epub,,,,2014-11-17 10:57:44,2017-05-07 22:21:33
1180859,B759DC4864EAABE6AD1182CF72D132E7,Eyes of the Rigger,"Alpers, Hans Joachim",Shadowrun; Shadowrun 98; Germany in Shadows 2,,English,2013,,0,,,,1180000/b759dc4864eaabe6ad1182cf72d132e7.jpg,epub,339962,,,R:\\0day\\eng14\\SFFEbook 150 Remaster\\heisy\\backup\\SFF Update 290-300\\v290-300\\Shadowrun\\Shadowrun - Shadowrun 98 - Germany in Shadows 02 - Eyes of the Rigger # Hans Joachim Alpers.epub,,,,2014-11-17 10:57:44,2017-05-07 22:21:33
1180860,CBC35D3C5774998212458DD26C39438C,The Fall,"Pope, Shane",Dead Tide 5,,English,2013,,0,,,,1180000/cbc35d3c5774998212458dd26c39438c.jpg,mobi,187182,,,R:\\0day\\eng14\\SFFEbook 150 Remaster\\heisy\\backup\\SFF Update 290-300\\v290-300\\Shane Pope\\Shane Pope - Dead Tide 05 - The Fall # (v5.0).mobi,version: 5.0,,,2014-11-17 10:57:44,2017-05-07 22:21:33
1180861,07FFEEA8B46B7719B71EF675091D9F35,Montaro Caine,"Poitier, Sidney",,,English,2013,Spiegel & Grau,0,9780385531122,,,1180000/07ffeea8b46b7719b71ef675091d9f35.jpg,epub,1057915,,,R:\\0day\\eng14\\SFFEbook 150 Remaster\\heisy\\backup\\SFF Update 290-300\\v290-300\\Sidney Poitier\\Sidney Poitier - Montaro Caine.epub,,,,2014-11-17 10:57:44,2017-05-07 22:21:33
1180862,91FF21FC4887AA7E10B4D52117C4FE2B,Stardance,"Robinson, Spider; Robinson, Jeanne",Stardance 1,,English,2013,,0,,,,1180000/91ff21fc4887aa7e10b4d52117c4fe2b.jpg,epub,115000,,,R:\\0day\\eng14\\SFFEbook 150 Remaster\\heisy\\backup\\SFF Update 290-300\\v290-300\\Spider Robinson & Jeanne Robinson\\Spider Robinson & Jeanne Robinson - Stardance 01 - Stardance.epub,,,,2014-11-17 10:57:44,2017-05-07 22:21:33
1180863,85C9F311D60D755864CF040083ECDC03,Star Wars and History,"Reagin, Nancy R; Liedl, Janice (Editor)",Star Wars,,English,2012,John Wiley & Sons,0,"9780470602003,9781118281888,9781118283738,9781118285251",,,1180000/85c9f311d60d755864cf040083ecdc03.jpg,epub,40941065,,,R:\\0day\\eng14\\SFFEbook 150 Remaster\\heisy\\backup\\SFF Update 290-300\\v290-300\\Star Wars\\Non-Fiction\\Star Wars - Star Wars and History # Nancy R. Reagin & Janice Liedl (ed) (v5.0).epub,version: 5.0,,,2014-11-17 10:57:44,2017-05-07 22:21:33
1180864,D6FC926904AADEED8D5AE39CF10732AA,Rising,"Malcolm, Sally",Stargate; SGA 1,,English,2007,Fandemonium Ltd,0,,,,1180000/d6fc926904aadeed8d5ae39cf10732aa.jpg,epub,1992013,,,R:\\0day\\eng14\\SFFEbook 150 Remaster\\heisy\\backup\\SFF Update 290-300\\v290-300\\Stargate\\Stargate - SGA 01 - Rising # Sally Malcolm.epub,,,,2014-11-17 10:57:44,2017-05-07 22:21:33
1180865,B841502DD20CCF12DB7D5A1252394CF8,Reliquary,"Wells, Martha",Stargate; SGA 2,,English,2006,Natl Book Network,0,,,,1180000/b841502dd20ccf12db7d5a1252394cf8.jpg,epub,1473800,,,R:\\0day\\eng14\\SFFEbook 150 Remaster\\heisy\\backup\\SFF Update 290-300\\v290-300\\Stargate\\Stargate - SGA 02 - Reliquary # Martha Wells.epub,,,,2014-11-17 10:57:44,2017-05-07 22:21:33
1180866,891DDCDAD70F5F5C43A067E142B960C0,Exogenesis,"Whitelaw, Sonny; Christensen, Elizabeth",Stargate; SGA 5,,English,2006,Fandemonium Books,0,,,,1180000/891ddcdad70f5f5c43a067e142b960c0.jpg,epub,1576239,,,R:\\0day\\eng14\\SFFEbook 150 Remaster\\heisy\\backup\\SFF Update 290-300\\v290-300\\Stargate\\Stargate - SGA 05 - Exogenesis # Sonny Whitelaw & Elizabeth Christensen.epub,,,,2014-11-17 10:57:44,2017-05-07 22:21:33
1180867,3FD2AD0A47351D314AB5E04B33EDA405,Entanglement,"Wells, Martha",Stargate; SGA 6,,English,2007,Fandemonium Books,0,,,,1180000/3fd2ad0a47351d314ab5e04b33eda405.jpg,epub,1486859,,,R:\\0day\\eng14\\SFFEbook 150 Remaster\\heisy\\backup\\SFF Update 290-300\\v290-300\\Stargate\\Stargate - SGA 06 - Entanglement # Martha Wells.epub,,,,2014-11-17 10:57:44,2017-05-07 22:21:33
1180868,F79FDDDA816BF7772DFD22747BD64143,Entanglement,"Wells, Martha",Stargate; SGA 6,,English,2007,Fandemonium Books,0,,,,1180000/f79fddda816bf7772dfd22747bd64143.jpg,mobi,1647059,,,R:\\0day\\eng14\\SFFEbook 150 Remaster\\heisy\\backup\\SFF Update 290-300\\v290-300\\Stargate\\Stargate - SGA 06 - Entanglement # Martha Wells.mobi,,,,2014-11-17 10:57:44,2017-05-07 22:21:33
1180869,F8947BB57FA800FF9357595030B39780,Casualties of War,"Christensen, Elizabeth",Stargate; SGA 7,,English,2007,Fandemonium Books,0,,,,1180000/f8947bb57fa800ff9357595030b39780.jpg,epub,1716869,,,R:\\0day\\eng14\\SFFEbook 150 Remaster\\heisy\\backup\\SFF Update 290-300\\v290-300\\Stargate\\Stargate - SGA 07 - Casualties of War # Elizabeth Christensen.epub,,,,2014-11-17 10:57:44,2017-05-07 22:21:33
1180870,FC130251A46E9F24D6339FA09F71D4C4,Blood Ties,"Whitelaw, Sonny; Christensen, Elizabeth",Stargate; SGA 8,,English,2007,Fandemonium Books,0,,,,1180000/fc130251a46e9f24d6339fa09f71d4c4.jpg,epub,1801557,,,R:\\0day\\eng14\\SFFEbook 150 Remaster\\heisy\\backup\\SFF Update 290-300\\v290-300\\Stargate\\Stargate - SGA 08 - Blood Ties # Sonny Whitelaw & Elizabeth Christensen.epub,,,,2014-11-17 10:57:44,2017-05-07 22:21:33
1180871,B8F922FA7C737AE89B0FF043A7204745,Haven Borne,"Gagne, Stefan",,,English,2013,,0,,,,1180000/b8f922fa7c737ae89b0ff043a7204745.jpg,epub,61783,,,R:\\0day\\eng14\\SFFEbook 150 Remaster\\heisy\\backup\\SFF Update 290-300\\v290-300\\Stefan Gagne\\Stefan Gagne - Haven Borne.epub,,,,2014-11-17 10:57:44,2017-05-07 22:21:33
1180872,BC7E5D1FFF2E059448CAEDC0A0D5342A,Conqueror's Quest,"Gambuti, Stephen",,,English,2013,,0,,,,1180000/bc7e5d1fff2e059448caedc0a0d5342a.jpg,epub,213995,,,R:\\0day\\eng14\\SFFEbook 150 Remaster\\heisy\\backup\\SFF Update 290-300\\v290-300\\Stephen Gambuti\\Stephen Gambuti - Conqueror's Quest.epub,,,,2014-11-17 10:57:44,2017-05-07 22:21:33
1180873,D59A73F6AFD078A8AE26F5D3B083FFBD,Jade Darcy and the Affair of Honor,"Goldin, Stephen; Mason, Mary",Rehumanization of Jade Darcy 1,,English,2013,,0,,,,1180000/d59a73f6afd078a8ae26f5d3b083ffbd.jpg,epub,1268015,,,R:\\0day\\eng14\\SFFEbook 150 Remaster\\heisy\\backup\\SFF Update 290-300\\v290-300\\Stephen Goldin & Mary Mason\\Stephen Goldin & Mary Mason - Rehumanization of Jade Darcy 01 - Jade Darcy and the Affair of Honor.epub,,,,2014-11-17 10:57:44,2017-05-07 22:21:33
1180874,E5D6174FD00A2A780DF21606A978F806,The Zen Pirates,"Goldin, Stephen; Mason, Mary",Rehumanization of Jade Darcy 2,,English,2013,,0,,,,1180000/e5d6174fd00a2a780df21606a978f806.jpg,epub,1340553,,,R:\\0day\\eng14\\SFFEbook 150 Remaster\\heisy\\backup\\SFF Update 290-300\\v290-300\\Stephen Goldin & Mary Mason\\Stephen Goldin & Mary Mason - Rehumanization of Jade Darcy 02 - The Zen Pirates.epub,,,,2014-11-17 10:57:44,2017-05-07 22:21:33
1180875,C2CD97C88DE4E5D1991E26A36F56E31D,A World Apart,"Tolle, Steven A",Jake Thomas Trilogy 1,,English,2012,SageVest Books,0,,,,1180000/c2cd97c88de4e5d1991e26a36f56e31d.jpg,epub,587570,,,R:\\0day\\eng14\\SFFEbook 150 Remaster\\heisy\\backup\\SFF Update 290-300\\v290-300\\Steven A. Tolle\\Steven A. Tolle - Jake Thomas Trilogy 01 - A World Apart.epub,,,,2014-11-17 10:57:44,2017-05-07 22:21:33
1180876,18D644481F166F5ECDCE965BC96226AB,A World Apart,"Tolle, Steven A",Jake Thomas Trilogy 1,,English,2012,SageVest Books,0,,,,1180000/18d644481f166f5ecdce965bc96226ab.jpg,mobi,899739,,,R:\\0day\\eng14\\SFFEbook 150 Remaster\\heisy\\backup\\SFF Update 290-300\\v290-300\\Steven A. Tolle\\Steven A. Tolle - Jake Thomas Trilogy 01 - A World Apart.mobi,,,,2014-11-17 10:57:44,2017-05-07 22:21:33
1180877,3CBE9423C4598AD81425A596E9A45189,Devil's Wake,"Barnes, Steven; Due, Tananarive",Devil's Wake 1,,English,2012,Atria Paperback,0,"9781451617009,9781451617016",,,1180000/3cbe9423c4598ad81425a596e9a45189.jpg,epub,1384816,,,R:\\0day\\eng14\\SFFEbook 150 Remaster\\heisy\\backup\\SFF Update 290-300\\v290-300\\Steven Barnes & Tananarive Due\\Steven Barnes & Tananarive Due - Devil's Wake 01 - Devil's Wake.epub,,,,2014-11-17 10:57:44,2017-05-07 22:21:33
1180878,6D7B3C76F70EDFFAAC1F2F8C225FFA6D,Carved in Flesh -,"Waggoner, Tim",Supernatural; Supernatural 13,,English,2013,Titan Books,0,,,,1180000/6d7b3c76f70edffaac1f2f8c225ffa6d.jpg,epub,400795,,,R:\\0day\\eng14\\SFFEbook 150 Remaster\\heisy\\backup\\SFF Update 290-300\\v290-300\\Supernatural\\Supernatural - Supernatural 13 - Carved in Flesh - # Tim Waggoner.epub,,,,2014-11-17 10:57:44,2017-05-07 22:21:33
1180879,3345159EC96417C0059467D1FEBAC6A0,Carved in Flesh -,"Waggoner, Tim",Supernatural; Supernatural 13,,English,2013,Titan,0,,,,1180000/3345159ec96417c0059467d1febac6a0.jpg,mobi,384016,,,R:\\0day\\eng14\\SFFEbook 150 Remaster\\heisy\\backup\\SFF Update 290-300\\v290-300\\Supernatural\\Supernatural - Supernatural 13 - Carved in Flesh - # Tim Waggoner.mobi,,,,2014-11-17 10:57:44,2017-05-07 22:21:33
1180880,49AE747B2E113C3D6A1951EBF4B1E6D9,The Black Irix,"Brooks, Terry",Paladins of Shannara 3,,English,2013,Ballantine Books,0,9780345536822,,,1180000/49ae747b2e113c3d6a1951ebf4b1e6d9.jpg,epub,278083,,,R:\\0day\\eng14\\SFFEbook 150 Remaster\\heisy\\backup\\SFF Update 290-300\\v290-300\\Terry Brooks\\Terry Brooks - Paladins of Shannara 03 - The Black Irix.epub,,,,2014-11-17 10:57:44,2017-05-07 22:21:33
1180881,6450C51F004278C004DDB80250678AB8,Maze of Bones,"Riordan, Rick",The 39 Clues 1,,English,2010,,0,,,,1180000/6450c51f004278c004ddb80250678ab8.jpg,epub,159278,,,R:\\0day\\eng14\\SFFEbook 150 Remaster\\heisy\\backup\\SFF Update 290-300\\v290-300\\The 39 Clues\\The 39 Clues - 39 Clues 01 - Maze of Bones # Rick Riordan.epub,,,,2014-11-17 10:57:44,2017-05-07 22:21:33
1180882,0F1E9347B09D6CCC0639698A9FFD2FA6,One False Note,"Korman, Gordon",The 39 Clues 2,,English,2010,,0,,,,1180000/0f1e9347b09d6ccc0639698a9ffd2fa6.jpg,epub,133010,,,R:\\0day\\eng14\\SFFEbook 150 Remaster\\heisy\\backup\\SFF Update 290-300\\v290-300\\The 39 Clues\\The 39 Clues - 39 Clues 02 - One False Note # Gordon Korman.epub,,,,2014-11-17 10:57:44,2017-05-07 22:21:33
1180883,2B7625B684362CDE74B5AF91DEBC8661,The Sword Thief,"Lerangis, Peter",The 39 Clues 3,,English,2010,,0,,,,1180000/2b7625b684362cde74b5af91debc8661.jpg,epub,118420,,,R:\\0day\\eng14\\SFFEbook 150 Remaster\\heisy\\backup\\SFF Update 290-300\\v290-300\\The 39 Clues\\The 39 Clues - 39 Clues 03 - The Sword Thief # Peter Lerangis.epub,,,,2014-11-17 10:57:44,2017-05-07 22:21:33
1180884,B5E13680B4129028D85B4174890D6731,Beyond the Grave,"Watson, Jude",The 39 Clues 4,,English,2010,,0,,,,1180000/b5e13680b4129028d85b4174890d6731.jpg,epub,141609,,,R:\\0day\\eng14\\SFFEbook 150 Remaster\\heisy\\backup\\SFF Update 290-300\\v290-300\\The 39 Clues\\The 39 Clues - 39 Clues 04 - Beyond the Grave # Jude Watson.epub,,,,2014-11-17 10:57:44,2017-05-07 22:21:33
1180885,90397B6F7D2BF1CA12EA60F5C707BBB4,The Black Circle,"Carman, Patrick",The 39 Clues 5,,English,2010,,0,,,,1180000/90397b6f7d2bf1ca12ea60f5c707bbb4.jpg,epub,117843,,,R:\\0day\\eng14\\SFFEbook 150 Remaster\\heisy\\backup\\SFF Update 290-300\\v290-300\\The 39 Clues\\The 39 Clues - 39 Clues 05 - The Black Circle # Patrick Carman.epub,,,,2014-11-17 10:57:44,2017-05-07 22:21:33
1180886,CAF38B089C1383F6BF6F21EADE411332,In Too Deep,"Watson, Jude",The 39 Clues 6,,English,2010,,0,,,,1180000/caf38b089c1383f6bf6f21eade411332.jpg,epub,151437,,,R:\\0day\\eng14\\SFFEbook 150 Remaster\\heisy\\backup\\SFF Update 290-300\\v290-300\\The 39 Clues\\The 39 Clues - 39 Clues 06 - In Too Deep # Jude Watson.epub,,,,2014-11-17 10:57:44,2017-05-07 22:21:33
1180887,129A9CF7FF78CFB686886052D074C8CE,The Viper's Nest,"Lerangis, Peter",The 39 Clues 7,,English,2010,,0,,,,1180000/129a9cf7ff78cfb686886052d074c8ce.jpg,epub,320130,,,R:\\0day\\eng14\\SFFEbook 150 Remaster\\heisy\\backup\\SFF Update 290-300\\v290-300\\The 39 Clues\\The 39 Clues - 39 Clues 07 - The Viper's Nest # Peter Lerangis.epub,,,,2014-11-17 10:57:44,2017-05-07 22:21:33
1180888,6B1F1CC3F90C9752C4BA5C4191565911,The Emperor's Code,"Korman, Gordon",The 39 Clues 8,,English,2010,,0,,,,1180000/6b1f1cc3f90c9752c4ba5c4191565911.jpg,epub,300850,,,R:\\0day\\eng14\\SFFEbook 150 Remaster\\heisy\\backup\\SFF Update 290-300\\v290-300\\The 39 Clues\\The 39 Clues - 39 Clues 08 - The Emperor's Code # Gordon Korman.epub,,,,2014-11-17 10:57:44,2017-05-07 22:21:33
1180889,A8B912E8343478B8ACCA71612E1618D9,Storm Warning,"Park, Linda Sue",The 39 Clues 9,,English,2010,,0,,,,1180000/a8b912e8343478b8acca71612e1618d9.jpg,epub,124219,,,R:\\0day\\eng14\\SFFEbook 150 Remaster\\heisy\\backup\\SFF Update 290-300\\v290-300\\The 39 Clues\\The 39 Clues - 39 Clues 09 - Storm Warning # Linda Sue Park.epub,,,,2014-11-17 10:57:44,2017-05-07 22:21:33
1180890,64A94BEAFA9D6433C46C417F423C434D,Into the Gauntlet,"Haddix, Margaret Peterson",The 39 Clues 10,,English,2010,Scholastic,0,,,,1180000/64a94beafa9d6433c46c417f423c434d.jpg,epub,218178,,,R:\\0day\\eng14\\SFFEbook 150 Remaster\\heisy\\backup\\SFF Update 290-300\\v290-300\\The 39 Clues\\The 39 Clues - 39 Clues 10 - Into the Gauntlet # Margaret Peterson Haddix.epub,,,,2014-11-17 10:57:44,2017-05-07 22:21:33
1180891,AC1CACD1FD8C5BDD326EF38FC56ED8A5,The Mad Scientist's Daughter,"Goss, Theodora",,,English,2011,,0,,,,,mobi,36016,,,R:\\0day\\eng14\\SFFEbook 150 Remaster\\heisy\\backup\\SFF Update 290-300\\v290-300\\Theodora Goss\\Theodora Goss - The Mad Scientist's Daughter.mobi,,,,2014-11-17 10:57:44,2017-05-07 22:21:33
1180892,458015F8F7657B81EF4208D9F11786FC,Killdozer!  (Short Story Collection),"Sturgeon, Theodore",Complete Stories of Theodore Sturgeon 3,,English,2013,North Atlantic Books,0,9781583947470,,,1180000/458015f8f7657b81ef4208d9f11786fc.jpg,epub,2706447,,,R:\\0day\\eng14\\SFFEbook 150 Remaster\\heisy\\backup\\SFF Update 290-300\\v290-300\\Theodore Sturgeon\\Theodore Sturgeon - Complete Stories of Theodore Sturgeon 03 - Killdozer! # SSC (v5.0).epub,version: 5.0,,,2014-11-17 10:57:44,2017-05-07 22:21:33
1180893,0B0CEFD9E710D55737D3FCA0368EC5D4,Fluffy  (Short Story),"Sturgeon, Theodore",,,English,1947,,0,,,,1180000/0b0cefd9e710d55737d3fca0368ec5d4.jpg,epub,12272,,,R:\\0day\\eng14\\SFFEbook 150 Remaster\\heisy\\backup\\SFF Update 290-300\\v290-300\\Theodore Sturgeon\\Theodore Sturgeon - Fluffy # SS.epub,,,,2014-11-17 10:57:44,2017-05-07 22:21:33
1180894,E851430C7E7A820E1286BF45671D6A71,It's You!  (Short Story),"Sturgeon, Theodore",,,English,2013,,0,,,,1180000/e851430c7e7a820e1286bf45671d6a71.jpg,epub,12342,,,R:\\0day\\eng14\\SFFEbook 150 Remaster\\heisy\\backup\\SFF Update 290-300\\v290-300\\Theodore Sturgeon\\Theodore Sturgeon - It's You! # SS.epub,,,,2014-11-17 10:57:44,2017-05-07 22:21:33
1180895,E58C453F0DA04F34D29525914557389F,Poker Face  (Short Story),"Sturgeon, Theodore",,,English,1941,,0,,,,1180000/e58c453f0da04f34d29525914557389f.jpg,epub,15582,,,R:\\0day\\eng14\\SFFEbook 150 Remaster\\heisy\\backup\\SFF Update 290-300\\v290-300\\Theodore Sturgeon\\Theodore Sturgeon - Poker Face # SS.epub,,,,2014-11-17 10:57:44,2017-05-07 22:21:33
1180896,57AE5794677502DBEB9080157430C387,That Low  (Short Story),"Sturgeon, Theodore",,,English,1948,,0,,,,1180000/57ae5794677502dbeb9080157430c387.jpg,epub,8705,,,R:\\0day\\eng14\\SFFEbook 150 Remaster\\heisy\\backup\\SFF Update 290-300\\v290-300\\Theodore Sturgeon\\Theodore Sturgeon - That Low # SS.epub,,,,2014-11-17 10:57:44,2017-05-07 22:21:33
1180897,D851B680EA86981AD88C2CBA6A8BE9B9,The Sky Was Full of Ships  (Short Story),"Sturgeon, Theodore",,,English,1947,,0,,,,1180000/d851b680ea86981ad88c2cba6a8be9b9.jpg,epub,15254,,,R:\\0day\\eng14\\SFFEbook 150 Remaster\\heisy\\backup\\SFF Update 290-300\\v290-300\\Theodore Sturgeon\\Theodore Sturgeon - The Sky Was Full of Ships # SS.epub,,,,2014-11-17 10:57:44,2017-05-07 22:21:33
1180898,BBF5F0DF5B5A3289E4369174A719C7B6,She Nailed a Stake Through His Head,"Lieder, Tim W (Editor)",,,English,2010,"Dybbuk Press, LLC",0,"0976654679,9780976654674",,,1180000/bbf5f0df5b5a3289e4369174a719c7b6.jpg,epub,152604,,,R:\\0day\\eng14\\SFFEbook 150 Remaster\\heisy\\backup\\SFF Update 290-300\\v290-300\\Tim W. Lieder (ed)\\Tim W. Lieder (ed) - She Nailed a Stake Through His Head.epub,,,,2014-11-17 10:57:44,2017-05-07 22:21:33
1180899,609403AA479603445A5531571A263DAE,With One Stone,"Zahn, Timothy",Honor Harrington 1.5,,English,2013,Baen Books,0,,,,1180000/609403aa479603445a5531571a263dae.jpg,epub,88674,,,R:\\0day\\eng14\\SFFEbook 150 Remaster\\heisy\\backup\\SFF Update 290-300\\v290-300\\Timothy Zahn\\Timothy Zahn - Honor Harrington 01.5 - With One Stone.epub,,,,2014-11-17 10:57:44,2017-05-07 22:21:33
1180900,E6C265A1ED0080A09B6ABD42A05A9BE6,The Crying Havoc,"Neighbors, Toby",Five Kingdoms 4,,English,2012,Mythic Adventure Publishing,0,,,,1180000/e6c265a1ed0080a09b6abd42a05a9be6.jpg,epub,475427,,,R:\\0day\\eng14\\SFFEbook 150 Remaster\\heisy\\backup\\SFF Update 290-300\\v290-300\\Toby Neighbors\\Toby Neighbors - Five Kingdoms 04 - The Crying Havoc.epub,,,,2014-11-17 10:57:44,2017-05-07 22:21:33
1180901,EDD229D2BEBA98F9B82F9BF3EE057900,Fierce Loyalty,"Neighbors, Toby",Five Kingdoms 5,,English,2013,Mythic Adventure Publishing,0,,,,1180000/edd229d2beba98f9b82f9bf3ee057900.jpg,epub,1372718,,,R:\\0day\\eng14\\SFFEbook 150 Remaster\\heisy\\backup\\SFF Update 290-300\\v290-300\\Toby Neighbors\\Toby Neighbors - Five Kingdoms 05 - Fierce Loyalty.epub,,,,2014-11-17 10:57:44,2017-05-07 22:21:33
1180902,4A63223F751CAB31B57DE957FF71F3C5,Duel Identity,"Clancy, Tom; McCay, Bill",Net Force Explorers 12,,English,2011,,0,,,,1180000/4a63223f751cab31b57de957ff71f3c5.jpg,epub,164883,,,R:\\0day\\eng14\\SFFEbook 150 Remaster\\heisy\\backup\\SFF Update 290-300\\v290-300\\Tom Clancy\\Tom Clancy - Net Force Explorers 12 - Duel Identity # Bill McCay.epub,,,,2014-11-17 10:57:44,2017-05-07 22:21:33
1180903,03E338BBC743FAC4D9D38CC3FD6E151E,"Blood, Bullets and Blue Stratos","Graham, Tom",Life on Mars 1,,English,2012,"Harper Collins, Inc.",0,,,,1180000/03e338bbc743fac4d9d38cc3fd6e151e.jpg,epub,302270,,,"R:\\0day\\eng14\\SFFEbook 150 Remaster\\heisy\\backup\\SFF Update 290-300\\v290-300\\Tom Graham\\Tom Graham - Life on Mars 01 - Blood, Bullets and Blue Stratos.epub",,,,2014-11-17 10:57:44,2017-05-07 22:21:33
1180904,A94241A5234B0B553C2F88A39DBFB8D9,"Blood, Bullets and Blue Stratos","Graham, Tom",Life on Mars 1,,English,2012,"Harper Collins, Inc.",0,,,,1180000/a94241a5234b0b553c2f88a39dbfb8d9.jpg,mobi,398072,,,"R:\\0day\\eng14\\SFFEbook 150 Remaster\\heisy\\backup\\SFF Update 290-300\\v290-300\\Tom Graham\\Tom Graham - Life on Mars 01 - Blood, Bullets and Blue Stratos.mobi",,,,2014-11-17 10:57:44,2017-05-07 22:21:33
1180905,1AF28B6662147428D6507871EC99DC39,The Death of Wisdom,"Brunette, Paul",Traveller; TNE 1,,English,2012,Game Designers Workshop,0,,,,1180000/1af28b6662147428d6507871ec99dc39.jpg,epub,1207474,,,R:\\0day\\eng14\\SFFEbook 150 Remaster\\heisy\\backup\\SFF Update 290-300\\v290-300\\Traveller\\Traveller - TNE 01 - The Death of Wisdom # Paul Brunette.epub,,,,2014-11-17 10:57:44,2017-05-07 22:21:33
1180906,551563512D7A6E87FDE6F1F0F604D3FC,To Dream of Chaos,"Brunette, Paul",Traveller; TNE 2,,English,2013,,0,,,,1180000/551563512d7a6e87fde6f1f0f604d3fc.jpg,epub,2607225,,,R:\\0day\\eng14\\SFFEbook 150 Remaster\\heisy\\backup\\SFF Update 290-300\\v290-300\\Traveller\\Traveller - TNE 02 - To Dream of Chaos # Paul Brunette.epub,,,,2014-11-17 10:57:44,2017-05-07 22:21:33
1180907,7A2B9AA667732F77E9CBDBBB4E740917,The Backwards Mask,"Carson, Matt",Traveller; TNE 3a; GDW382,,English,2013,,0,,,,1180000/7a2b9aa667732f77e9cbdbbb4e740917.jpg,epub,876972,,,R:\\0day\\eng14\\SFFEbook 150 Remaster\\heisy\\backup\\SFF Update 290-300\\v290-300\\Traveller\\Traveller - TNE 03a - The Backwards Mask # (GDW382) Matt Carson.epub,,,,2014-11-17 10:57:44,2017-05-07 22:21:33
1180908,584199666B652A7D07B7BA2A871C984A,The Backwards Mask,"Brunette, Paul",Traveller; TNE 3b; GDW3815,,English,2013,,0,,,,1180000/584199666b652a7d07b7ba2a871c984a.jpg,epub,306775,,,R:\\0day\\eng14\\SFFEbook 150 Remaster\\heisy\\backup\\SFF Update 290-300\\v290-300\\Traveller\\Traveller - TNE 03b - The Backwards Mask # (GDW3815) Paul Brunette.epub,,,,2014-11-17 10:57:44,2017-05-07 22:21:33
1180909,27B86C33156337CA1C9EAC776FA8E6A0,The Beast-Jewel of Mars,"Thiessen, V E",,,English,2012,pulpgen.com,0,,,,1180000/27b86c33156337ca1c9eac776fa8e6a0.jpg,epub,589882,,,R:\\0day\\eng14\\SFFEbook 150 Remaster\\heisy\\backup\\SFF Update 290-300\\v290-300\\V. E. Thiessen\\V. E. Thiessen - The Beast-Jewel of Mars.epub,,,,2014-11-17 10:57:44,2017-05-07 22:21:33
1180910,D4FB131A10776BC2C7CDB3EFF4E6FD61,V,"Crispin, A C",V 1,,English,1984,Pinnacle Books,0,"0523422377,0523432313",,,1180000/d4fb131a10776bc2c7cdb3eff4e6fd61.jpg,epub,542363,,,R:\\0day\\eng14\\SFFEbook 150 Remaster\\heisy\\backup\\SFF Update 290-300\\v290-300\\V\\V - V 01 - V # A.C. Crispin.epub,,,,2014-11-17 10:57:44,2017-05-07 22:21:33
1180911,30557B136AB7E830D6CA48F50D8533AD,East Coast Crisis,"Weinstein, Howard",V 2,,English,1984,Pinnacle Books,0,,,,1180000/30557b136ab7e830d6ca48f50d8533ad.jpg,epub,91291,,,R:\\0day\\eng14\\SFFEbook 150 Remaster\\heisy\\backup\\SFF Update 290-300\\v290-300\\V\\V - V 02 - East Coast Crisis # Howard Weinstein.epub,,,,2014-11-17 10:57:44,2017-05-07 22:21:33
1180912,5E154178325B9607292D82749670B511,The Pursuit of Diana,"Wold, Allen L",V 3,,English,1984,Gregg Pr,0,,,,1180000/5e154178325b9607292d82749670b511.jpg,epub,165529,,,R:\\0day\\eng14\\SFFEbook 150 Remaster\\heisy\\backup\\SFF Update 290-300\\v290-300\\V\\V - V 03 - The Pursuit of Diana # Allen L. Wold.epub,,,,2014-11-17 10:57:44,2017-05-07 22:21:33
1180913,4DA05C3F04F62BF139D74A0A6A25C8E5,Chicago Conversion,"Proctor, George W",V 4,,English,1985,New English Library Ltd,0,,,,1180000/4da05c3f04f62bf139d74a0a6a25c8e5.jpg,epub,166064,,,R:\\0day\\eng14\\SFFEbook 150 Remaster\\heisy\\backup\\SFF Update 290-300\\v290-300\\V\\V - V 04 - Chicago Conversion # George W. Proctor.epub,,,,2014-11-17 10:57:44,2017-05-07 22:21:33
1180914,7ADD1DC75C72A74B9F4D1654440211F3,The Florida Project,"Sullivan, Tim",V 5,,English,1985,Pinnacle Books,0,,,,1180000/7add1dc75c72a74b9f4d1654440211f3.jpg,epub,138717,,,R:\\0day\\eng14\\SFFEbook 150 Remaster\\heisy\\backup\\SFF Update 290-300\\v290-300\\V\\V - V 05 - The Florida Project # Tim Sullivan.epub,,,,2014-11-17 10:57:44,2017-05-07 22:21:33
1180915,B768438FABEF41095A6330A763DE29D1,Prisoners and Pawns,"Weinstein, Howard",V 6,,English,1985,Pinnacle Books,0,,,,1180000/b768438fabef41095a6330a763de29d1.jpg,epub,193622,,,R:\\0day\\eng14\\SFFEbook 150 Remaster\\heisy\\backup\\SFF Update 290-300\\v290-300\\V\\V - V 06 - Prisoners and Pawns # Howard Weinstein.epub,,,,2014-11-17 10:57:44,2017-05-07 22:21:33
1180916,BBC04A977B821DE2BDBBC8B45929F41C,The Enemy of an Enemy,"Trigili, Vincent",Lost Tales of Power 1,,English,2010,Smashwords,0,9781452345208,,,1180000/bbc04a977b821de2bdbbc8b45929f41c.jpg,mobi,423498,,,R:\\0day\\eng14\\SFFEbook 150 Remaster\\heisy\\backup\\SFF Update 290-300\\v290-300\\Vincent Trigili\\Vincent Trigili - Lost Tales of Power 01 - The Enemy of an Enemy # (v5.0).mobi,version: 5.0,,,2014-11-17 10:57:44,2017-05-07 22:21:33
1180917,7169B6D0B856D47484D5DD4270F7E50A,Joyleg,"Moore, Ward; Davidson, Avram",,,English,,,0,,,,1180000/7169b6d0b856d47484d5dd4270f7e50a.jpg,epub,210065,,,R:\\0day\\eng14\\SFFEbook 150 Remaster\\heisy\\backup\\SFF Update 290-300\\v290-300\\Ward Moore & Avram Davidson\\Ward Moore & Avram Davidson - Joyleg.epub,,,,2014-11-17 10:57:44,2017-05-07 22:21:33
1180918,D13A65BB4B2BAD9055CCDF0574F3D411,Joyleg,"Moore, Ward; Davidson, Avram",,,English,,,0,,,,1180000/d13a65bb4b2bad9055ccdf0574f3d411.jpg,mobi,403848,,,R:\\0day\\eng14\\SFFEbook 150 Remaster\\heisy\\backup\\SFF Update 290-300\\v290-300\\Ward Moore & Avram Davidson\\Ward Moore & Avram Davidson - Joyleg.mobi,,,,2014-11-17 10:57:44,2017-05-07 22:21:33
1180919,617CB6A9C3E903109AEF46654B259C20,Baneblade,"Haley, Guy",Warhammer 40k,,English,2013,Black Library,0,9780857879387,,,1180000/617cb6a9c3e903109aef46654b259c20.jpg,epub,999140,,,R:\\0day\\eng14\\SFFEbook 150 Remaster\\heisy\\backup\\SFF Update 290-300\\v290-300\\Warhammer 40k\\Warhammer 40k - Baneblade # Guy Haley.epub,,,,2014-11-17 10:57:44,2017-05-07 22:21:33
1180920,7A3695741E76A9564F21CB3C1A75C068,Emperor's Mercy,"Zou, Henry",Warhammer 40k; Bastion Wars 1,,English,,Black Library,0,,,,1180000/7a3695741e76a9564f21cb3c1a75c068.jpg,epub,394578,,,R:\\0day\\eng14\\SFFEbook 150 Remaster\\heisy\\backup\\SFF Update 290-300\\v290-300\\Warhammer 40k\\Warhammer 40k - Bastion Wars 01 - Emperor's Mercy # Henry Zou.epub,,,,2014-11-17 10:57:44,2017-05-07 22:21:33
1180921,C85AB941C9549E202458970787A1C9FF,Flesh And Iron,"Zou, Henry",Warhammer 40k; Bastion Wars 2,,English,2011,The Black Library,0,,,,1180000/c85ab941c9549e202458970787a1c9ff.jpg,epub,323377,,,R:\\0day\\eng14\\SFFEbook 150 Remaster\\heisy\\backup\\SFF Update 290-300\\v290-300\\Warhammer 40k\\Warhammer 40k - Bastion Wars 02 - Flesh and Iron # Henry Zou.epub,,,,2014-11-17 10:57:44,2017-05-07 22:21:33
1180922,B70A8DDD2392F769EE07AB66DA97885E,Pariah,"Abnett, Dan",Warhammer 40k; Bequin 1,,English,2011,Games Workshop,0,9780857879073,,,1180000/b70a8ddd2392f769ee07ab66da97885e.jpg,epub,424871,,,R:\\0day\\eng14\\SFFEbook 150 Remaster\\heisy\\backup\\SFF Update 290-300\\v290-300\\Warhammer 40k\\Warhammer 40k - Bequin 01 - Pariah # Dan Abnett.epub,,,,2014-11-17 10:57:44,2017-05-07 22:21:33
1180923,C251A495D789E1A682F1E889B37EC89E,Pariah,"Abnett, Dan",Warhammer 40k; Bequin 1,,English,2011,Games Workshop,0,9780857879073,,,1180000/c251a495d789e1a682f1e889b37ec89e.jpg,mobi,1547358,,,R:\\0day\\eng14\\SFFEbook 150 Remaster\\heisy\\backup\\SFF Update 290-300\\v290-300\\Warhammer 40k\\Warhammer 40k - Bequin 01 - Pariah # Dan Abnett.mobi,,,,2014-11-17 10:57:44,2017-05-07 22:21:33
1180924,DAA04DB6FA23ACD684EA3FA3FBDC61B2,Crusade For Armageddon,"Green, Jonathan",Warhammer 40k; Black Templars 1,,English,2003,Black Library,0,,,,1180000/daa04db6fa23acd684ea3fa3fbdc61b2.jpg,epub,326055,,,R:\\0day\\eng14\\SFFEbook 150 Remaster\\heisy\\backup\\SFF Update 290-300\\v290-300\\Warhammer 40k\\Warhammer 40k - Black Templars 01 - Crusade for Armageddon # Jonathan Green.epub,,,,2014-11-17 10:57:44,2017-05-07 22:21:33
1180925,B7EA593C76ABC8C5183E481D129C2D0D,Conquest Of Armageddon,"Green, Jonathan",Warhammer 40k; Black Templars 2,,English,2005,Black Library,0,,,,1180000/b7ea593c76abc8c5183e481d129c2d0d.jpg,epub,298208,,,R:\\0day\\eng14\\SFFEbook 150 Remaster\\heisy\\backup\\SFF Update 290-300\\v290-300\\Warhammer 40k\\Warhammer 40k - Black Templars 02 - Conquest Of Armageddon # Jonathan Green.epub,,,,2014-11-17 10:57:44,2017-05-07 22:21:33
1180926,B817497D07AA4EE40145454CC56D1459,Omnibus,"Swallow, James",Warhammer 40k; Blood Angels,,English,,,0,,,,1180000/b817497d07aa4ee40145454cc56d1459.jpg,epub,501735,,,R:\\0day\\eng14\\SFFEbook 150 Remaster\\heisy\\backup\\SFF Update 290-300\\v290-300\\Warhammer 40k\\Warhammer 40k - Blood Angels - Omnibus # James Swallow.epub,,,,2014-11-17 10:57:44,2017-05-07 22:21:33
1180927,B3D61E940EBEA98DCDFF206FFDECAA84,Deus Encarmine,"Swallow, James",Warhammer 40k; Blood Angels 1,,English,,Black Library,0,9780857870957,,,1180000/b3d61e940ebea98dcdff206ffdecaa84.jpg,epub,382107,,,R:\\0day\\eng14\\SFFEbook 150 Remaster\\heisy\\backup\\SFF Update 290-300\\v290-300\\Warhammer 40k\\Warhammer 40k - Blood Angels 01 - Deus Encarmine # James Swallow.epub,,,,2014-11-17 10:57:44,2017-05-07 22:21:33
1180928,02237A89FC25F0B5FDBAA53966DCAE40,Red Fury,"Swallow, James",Warhammer 40k; Blood Angels 3,,English,,,0,,,,1180000/02237a89fc25f0b5fdbaa53966dcae40.jpg,epub,317599,,,R:\\0day\\eng14\\SFFEbook 150 Remaster\\heisy\\backup\\SFF Update 290-300\\v290-300\\Warhammer 40k\\Warhammer 40k - Blood Angels 03 - Red Fury # James Swallow.epub,,,,2014-11-17 10:57:44,2017-05-07 22:21:33
1180929,034EF61C4980A68AA045CD6E314EE1CA,Black Tide,"Swallow, James",Warhammer 40k; Blood Angels 4,,English,,,0,,,,1180000/034ef61c4980a68aa045cd6e314ee1ca.jpg,epub,377372,,,R:\\0day\\eng14\\SFFEbook 150 Remaster\\heisy\\backup\\SFF Update 290-300\\v290-300\\Warhammer 40k\\Warhammer 40k - Blood Angels 04 - Black Tide # James Swallow.epub,,,,2014-11-17 10:57:44,2017-05-07 22:21:33
1180930,94501B6AF2DCB8DB03B68CC2ED31FC51,Brothers Of The Snake,"Abnett, Dan",Warhammer 40k,,English,2011,The Black Library,0,,,,1180000/94501b6af2dcb8db03b68cc2ed31fc51.jpg,epub,326209,,,R:\\0day\\eng14\\SFFEbook 150 Remaster\\heisy\\backup\\SFF Update 290-300\\v290-300\\Warhammer 40k\\Warhammer 40k - Brothers of the Snake # Dan Abnett.epub,,,,2014-11-17 10:57:44,2017-05-07 22:21:33
1180931,5FE9E37F16AFDC56F82010032AEE68FC,The Smallest Detail,"Mitchell, Sandy",Warhammer 40k; Ciaphas Cain SS,,English,2013,Black Library,0,9780857878939,,,1180000/5fe9e37f16afdc56f82010032aee68fc.jpg,epub,352731,,,R:\\0day\\eng14\\SFFEbook 150 Remaster\\heisy\\backup\\SFF Update 290-300\\v290-300\\Warhammer 40k\\Warhammer 40k - Ciaphas Cain SS - The Smallest Detail # Sandy Mitchell (v5.0).epub,version: 5.0,,,2014-11-17 10:57:44,2017-05-07 22:21:33
1180932,4325C288D82DB236D8DA4B0E6642B2BD,Daemon World,"Counter, Ben",Warhammer 40k,,English,2011,Black Library,0,9780857873675,,,1180000/4325c288d82db236d8da4b0e6642b2bd.jpg,epub,347949,,,R:\\0day\\eng14\\SFFEbook 150 Remaster\\heisy\\backup\\SFF Update 290-300\\v290-300\\Warhammer 40k\\Warhammer 40k - Daemon World # Ben Counter.epub,,,,2014-11-17 10:57:44,2017-05-07 22:21:33
1180933,4C0CC74A0E8DFA66B7B2B95CC48D6482,Angels of Darkness,"Thorpe, Gav",Warhammer 40k; Dark Angels,,English,2011,Black Library,0,9780857873217,,,1180000/4c0cc74a0e8dfa66b7b2b95cc48d6482.jpg,epub,325749,,,R:\\0day\\eng14\\SFFEbook 150 Remaster\\heisy\\backup\\SFF Update 290-300\\v290-300\\Warhammer 40k\\Warhammer 40k - Dark Angels - Angels of Darkness - Gav Thorpe.epub,,,,2014-11-17 10:57:44,2017-05-07 22:21:33
1180934,8F2967FE8F2CCF190EE0DE7A8BDE6E85,Dark Vengeance,"Dunn, C Z",Warhammer 40k; Dark Angels,,English,2012,Black Library,0,9780857878366,,,1180000/8f2967fe8f2ccf190ee0de7a8bde6e85.jpg,epub,471389,,,R:\\0day\\eng14\\SFFEbook 150 Remaster\\heisy\\backup\\SFF Update 290-300\\v290-300\\Warhammer 40k\\Warhammer 40k - Dark Angels - Dark Vengeance # C. Z. Dunn.epub,,,,2014-11-17 10:57:44,2017-05-07 22:21:33
1180935,36694CEAB1948C7CE461F19C484A1EB6,Scourge The Heretic,"Mitchell, Sandy",Warhammer 40k; Dark Heresy 1,,English,2011,Black Library,0,9780857873866,,,1180000/36694ceab1948c7ce461f19c484a1eb6.jpg,epub,473588,,,R:\\0day\\eng14\\SFFEbook 150 Remaster\\heisy\\backup\\SFF Update 290-300\\v290-300\\Warhammer 40k\\Warhammer 40k - Dark Heresy 01 - Scourge the Heretic # Sandy Mitchell.epub,,,,2014-11-17 10:57:44,2017-05-07 22:21:33
1180936,42AF60C5329932CD5947E697184C9635,Innocence Proves Nothing,"Mitchell, Sandy",Warhammer 40k; Dark Heresy 2,,English,,,0,,,,1180000/42af60c5329932cd5947e697184c9635.jpg,epub,421793,,,R:\\0day\\eng14\\SFFEbook 150 Remaster\\heisy\\backup\\SFF Update 290-300\\v290-300\\Warhammer 40k\\Warhammer 40k - Dark Heresy 02 - Innocence Proves Nothing # Sandy Mitchell.epub,,,,2014-11-17 10:57:44,2017-05-07 22:21:33
1180937,0ADB7F291D8A4DFBF0BE25A1BC75E39F,Omnibus,"Goto, C S",Warhammer 40k; Dawn of War,,English,,,0,,,,1180000/0adb7f291d8a4dfbf0be25a1bc75e39f.jpg,epub,829665,,,R:\\0day\\eng14\\SFFEbook 150 Remaster\\heisy\\backup\\SFF Update 290-300\\v290-300\\Warhammer 40k\\Warhammer 40k - Dawn of War - Omnibus # C.S. Goto.epub,,,,2014-11-17 10:57:44,2017-05-07 22:21:33
1180938,E1275B713E9427427AAFDF840B178092,Dawn Of War,"Goto, C S",Warhammer 40k; Dawn of War 1,,English,,,0,,,,1180000/e1275b713e9427427aafdf840b178092.jpg,epub,317677,,,R:\\0day\\eng14\\SFFEbook 150 Remaster\\heisy\\backup\\SFF Update 290-300\\v290-300\\Warhammer 40k\\Warhammer 40k - Dawn of War 01 - Dawn of War # C.S. Goto.epub,,,,2014-11-17 10:57:44,2017-05-07 22:21:33
1180939,4A3632396820C78AE61F0224C89BD7B6,Ascension,"Goto, C S",Warhammer 40k; Dawn of War 2,,English,,,0,,,,1180000/4a3632396820c78ae61f0224c89bd7b6.jpg,epub,373011,,,R:\\0day\\eng14\\SFFEbook 150 Remaster\\heisy\\backup\\SFF Update 290-300\\v290-300\\Warhammer 40k\\Warhammer 40k - Dawn of War 02 - Ascension # C. S. Goto.epub,,,,2014-11-17 10:57:44,2017-05-07 22:21:33
1180940,02D1E04ADD73A8D9ABEEDCA37B0A4BCC,Tempest,"Goto, C S",Warhammer 40k; Dawn of War 3,,English,2012,,0,,,,1180000/02d1e04add73a8d9abeedca37b0a4bcc.jpg,epub,319994,,,R:\\0day\\eng14\\SFFEbook 150 Remaster\\heisy\\backup\\SFF Update 290-300\\v290-300\\Warhammer 40k\\Warhammer 40k - Dawn of War 03 - Tempest # C. S. Goto.epub,,,,2014-11-17 10:57:44,2017-05-07 22:21:33
1180941,9B8B44636107BDC448979996C283D546,Warrior Brood,"Goto, C S",Warhammer 40k; Deathwatch 1,,English,,,0,,,,1180000/9b8b44636107bdc448979996c283d546.jpg,epub,234970,,,R:\\0day\\eng14\\SFFEbook 150 Remaster\\heisy\\backup\\SFF Update 290-300\\v290-300\\Warhammer 40k\\Warhammer 40k - Deathwatch 01 - Warrior Brood # C.S. Goto.epub,,,,2014-11-17 10:57:44,2017-05-07 22:21:33
1180942,1A7A8E1E8C439FB884AE6D96D8650D40,Warrior Coven,"Goto, C S",Warhammer 40k; Deathwatch 2,,English,,,0,,,,1180000/1a7a8e1e8c439fb884ae6d96d8650d40.jpg,epub,349228,,,R:\\0day\\eng14\\SFFEbook 150 Remaster\\heisy\\backup\\SFF Update 290-300\\v290-300\\Warhammer 40k\\Warhammer 40k - Deathwatch 02 - Warrior Coven # C.S. Goto.epub,,,,2014-11-17 10:57:44,2017-05-07 22:21:33
1180943,E830A415F12DF12ADF4C6F6F0738B206,Eldar Prophecy,"Goto, C S",Warhammer 40k,,English,,,0,,,,1180000/e830a415f12df12adf4c6f6f0738b206.jpg,epub,296884,,,R:\\0day\\eng14\\SFFEbook 150 Remaster\\heisy\\backup\\SFF Update 290-300\\v290-300\\Warhammer 40k\\Warhammer 40k - Eldar Prophecy # C.S. Goto.epub,,,,2014-11-17 10:57:44,2017-05-07 22:21:33
1180944,03DCCFA7FBDED754C0A844A2A17E3B03,Eye of Terror,"Bayley, Barrington J",Warhammer 40k,,English,2011,,0,,,,1180000/03dccfa7fbded754c0a844a2a17e3b03.jpg,epub,321763,,,R:\\0day\\eng14\\SFFEbook 150 Remaster\\heisy\\backup\\SFF Update 290-300\\v290-300\\Warhammer 40k\\Warhammer 40k - Eye of Terror # Barrington J. Bayley.epub,,,,2014-11-17 10:57:44,2017-05-07 22:21:33
1180945,6E4BD22836F045D2AF620599FB6AD5E7,Farseer,"King, William",Warhammer 40k,,English,,,0,,,,1180000/6e4bd22836f045d2af620599fb6ad5e7.jpg,epub,258313,,,R:\\0day\\eng14\\SFFEbook 150 Remaster\\heisy\\backup\\SFF Update 290-300\\v290-300\\Warhammer 40k\\Warhammer 40k - Farseer # William King.epub,,,,2014-11-17 10:57:44,2017-05-07 22:21:33
1180946,C4006A4C5EAFA2728114085A0CFDA1E3,Grey Knights,"Counter, Ben",Warhammer 40k; Grey Knights 1,,English,,,0,,,,1180000/c4006a4c5eafa2728114085a0cfda1e3.jpg,epub,302096,,,R:\\0day\\eng14\\SFFEbook 150 Remaster\\heisy\\backup\\SFF Update 290-300\\v290-300\\Warhammer 40k\\Warhammer 40k - Grey Knights 01 - Grey Knights # Ben Counter.epub,,,,2014-11-17 10:57:44,2017-05-07 22:21:33
1180947,7543ED5614E67D5A042EB2487FD2FBD4,Dark Adeptus,"Counter, Ben",Warhammer 40k; Grey Knights 2,,English,,,0,,,,1180000/7543ed5614e67d5a042eb2487fd2fbd4.jpg,epub,284699,,,R:\\0day\\eng14\\SFFEbook 150 Remaster\\heisy\\backup\\SFF Update 290-300\\v290-300\\Warhammer 40k\\Warhammer 40k - Grey Knights 02 - Dark Adeptus # Ben Counter.epub,,,,2014-11-17 10:57:44,2017-05-07 22:21:33
1180948,C0D1F3720744580594D2D1D928E20387,Hammer Of Daemons,"Counter, Ben",Warhammer 40k; Grey Knights 3,,English,,,0,,,,1180000/c0d1f3720744580594d2d1d928e20387.jpg,epub,284645,,,R:\\0day\\eng14\\SFFEbook 150 Remaster\\heisy\\backup\\SFF Update 290-300\\v290-300\\Warhammer 40k\\Warhammer 40k - Grey Knights 03 - Hammer of Daemons # Ben Counter.epub,,,,2014-11-17 10:57:44,2017-05-07 22:21:33
1180949,8A9F0D897A8318F248AA6C4EA43AFF1B,Iron Guard,"Clapham, Mark",Warhammer 40k; Imperial Guard,,English,2012,Black Library,0,9780857877543,,,1180000/8a9f0d897a8318f248aa6c4ea43aff1b.jpg,epub,490091,,,R:\\0day\\eng14\\SFFEbook 150 Remaster\\heisy\\backup\\SFF Update 290-300\\v290-300\\Warhammer 40k\\Warhammer 40k - Imperial Guard - Iron Guard # Mark Clapham.epub,,,,2014-11-17 10:57:44,2017-05-07 22:21:33
1180950,801FA9E3CD38F01AEB8DC960F92C3B63,Storm of Iron,"McNeill, Graham",Warhammer 40k; Iron Warriors,,English,,,0,,,,1180000/801fa9e3cd38f01aeb8dc960f92c3b63.jpg,epub,387367,,,R:\\0day\\eng14\\SFFEbook 150 Remaster\\heisy\\backup\\SFF Update 290-300\\v290-300\\Warhammer 40k\\Warhammer 40k - Iron Warriors - Storm Of Iron # Graham McNeill.epub,,,,2014-11-17 10:57:44,2017-05-07 22:21:33
1180951,D7D6F87E380F7263B051199222ED7D57,The Omnibus,"McNeill, Graham",Warhammer 40k; Iron Warriors,,English,2012,,0,9780857875600,,,1180000/d7d6f87e380f7263b051199222ed7d57.jpg,epub,657750,,,R:\\0day\\eng14\\SFFEbook 150 Remaster\\heisy\\backup\\SFF Update 290-300\\v290-300\\Warhammer 40k\\Warhammer 40k - Iron Warriors - The Omnibus - Graham McNeill.epub,,,,2014-11-17 10:57:44,2017-05-07 22:21:33
1180952,5098AAA8DDB3A174136797964DD5B37A,Ravenwing,"Thorpe, Gav",Warhammer 40k; Legacy of Caliban 1,,English,2012,Black Library,0,9780857878052,,,1180000/5098aaa8ddb3a174136797964dd5b37a.jpg,epub,582867,,,R:\\0day\\eng14\\SFFEbook 150 Remaster\\heisy\\backup\\SFF Update 290-300\\v290-300\\Warhammer 40k\\Warhammer 40k - Legacy of Caliban 01 - Ravenwing # Gav Thorpe (v5.0).epub,version: 5.0,,,2014-11-17 10:57:44,2017-05-07 22:21:33
1180953,985CECD45B27CFAD7493C7E8D820FFFA,Lord Of The Night,"Spurrier, Simon",Warhammer 40k,,English,,,0,,,,1180000/985cecd45b27cfad7493c7e8d820fffa.jpg,epub,325333,,,R:\\0day\\eng14\\SFFEbook 150 Remaster\\heisy\\backup\\SFF Update 290-300\\v290-300\\Warhammer 40k\\Warhammer 40k - Lord of the Night # Simon Spurrier.epub,,,,2014-11-17 10:57:44,2017-05-07 22:21:33
1180954,82006EFEA3491A68A3D72BE44510C8E0,Pawns Of Chaos,"Craig, Brian",Warhammer 40k,,English,,,0,,,,1180000/82006efea3491a68a3d72be44510c8e0.jpg,epub,440185,,,R:\\0day\\eng14\\SFFEbook 150 Remaster\\heisy\\backup\\SFF Update 290-300\\v290-300\\Warhammer 40k\\Warhammer 40k - Pawns of Chaos # Brian Craig.epub,,,,2014-11-17 10:57:44,2017-05-07 22:21:33
1180955,A718C79F8C665F8BC281E4297CD57769,Relentless,"Williams, Richard",Warhammer 40k,,English,,,0,,,,1180000/a718c79f8c665f8bc281e4297cd57769.jpg,epub,329777,,,R:\\0day\\eng14\\SFFEbook 150 Remaster\\heisy\\backup\\SFF Update 290-300\\v290-300\\Warhammer 40k\\Warhammer 40k - Relentless # Richard Williams.epub,,,,2014-11-17 10:57:44,2017-05-07 22:21:33
1180956,29BC5A02AD82329B78AA2133D1C0CEF9,Shadow Point,"Rennie, Gordon",Warhammer 40k; Gothic War 2,,English,,Black Library,0,,,,1180000/29bc5a02ad82329b78aa2133d1c0cef9.jpg,epub,281740,,,R:\\0day\\eng14\\SFFEbook 150 Remaster\\heisy\\backup\\SFF Update 290-300\\v290-300\\Warhammer 40k\\Warhammer 40k - Shadow Point # Gordon Rennie.epub,,,,2014-11-17 10:57:44,2017-05-07 22:21:33
1180957,C8843EC300322D08DA26C4CF2A9E409B,Crossfire,"Farrer, Matthew",Warhammer 40k; Shira Calpurnia 1,,English,,,0,,,,1180000/c8843ec300322d08da26c4cf2a9e409b.jpg,epub,719011,,,R:\\0day\\eng14\\SFFEbook 150 Remaster\\heisy\\backup\\SFF Update 290-300\\v290-300\\Warhammer 40k\\Warhammer 40k - Shira Calpurnia 01 - Crossfire # Matthew Farrer.epub,,,,2014-11-17 10:57:44,2017-05-07 22:21:33
1180958,D9499C6D4F01192DC38994AC6022DD10,Legacy,"Farrer, Matthew",Warhammer 40k; Shira Calpurnia 2,,English,,,0,,,,1180000/d9499c6d4f01192dc38994ac6022dd10.jpg,epub,228645,,,R:\\0day\\eng14\\SFFEbook 150 Remaster\\heisy\\backup\\SFF Update 290-300\\v290-300\\Warhammer 40k\\Warhammer 40k - Shira Calpurnia 02 - Legacy # Matthew Farrer.epub,,,,2014-11-17 10:57:44,2017-05-07 22:21:33
1180959,A0CC63ED325799583BADEE2712EDBDFD,Sons Of Dorn,"Roberson, Chris",Warhammer 40k,,English,2011,Black Library,0,9780857873033,,,1180000/a0cc63ed325799583badee2712edbdfd.jpg,epub,391316,,,R:\\0day\\eng14\\SFFEbook 150 Remaster\\heisy\\backup\\SFF Update 290-300\\v290-300\\Warhammer 40k\\Warhammer 40k - Sons of Dorn # Chris Roberson.epub,,,,2014-11-17 10:57:44,2017-05-07 22:21:33
1180960,0794D5C3F56082069A9F711B49342B40,Steel Blood,"Werner, C L",Warhammer 40k; Space Marine Battles SS,,English,2013,Black Library,0,9780857877772,,,1180000/0794d5c3f56082069a9f711b49342b40.jpg,mobi,493844,,,R:\\0day\\eng14\\SFFEbook 150 Remaster\\heisy\\backup\\SFF Update 290-300\\v290-300\\Warhammer 40k\\Warhammer 40k - Space Marine Battles SS - Steel Blood # C. L. Werner (v5.0).mobi,version: 5.0,,,2014-11-17 10:57:44,2017-05-07 22:21:33
1180961,A68F3BE63DCDF26EA8ACB4B3B16A101B,Fist of Demetrius,"King, William",Warhammer 40k; The Macharian Crusade,,English,2013,Black Library,0,,,,1180000/a68f3be63dcdf26ea8acb4b3b16a101b.jpg,epub,621589,,,R:\\0day\\eng14\\SFFEbook 150 Remaster\\heisy\\backup\\SFF Update 290-300\\v290-300\\Warhammer 40k\\Warhammer 40k - The Macharian Crusade - Fist of Demetrius # William King.epub,,,,2014-11-17 10:57:44,2017-05-07 22:21:33
1180962,B49FA70AA720C5349B5AB3DF6C737E18,Fist of Demetrius,"King, William",Warhammer 40k; The Macharian Crusade,,English,2013,Black Library,0,,,,1180000/b49fa70aa720c5349b5ab3df6c737e18.jpg,mobi,1717784,,,R:\\0day\\eng14\\SFFEbook 150 Remaster\\heisy\\backup\\SFF Update 290-300\\v290-300\\Warhammer 40k\\Warhammer 40k - The Macharian Crusade - Fist of Demetrius # William King.mobi,,,,2014-11-17 10:57:44,2017-05-07 22:21:33
1180963,5BB5E8F7DB257FC35680B8A4A3A18D3E,Titanicus,"Abnett, Dan",Warhammer 40k,,English,2011,Black Library,0,9780857870490,,,1180000/5bb5e8f7db257fc35680b8a4a3a18d3e.jpg,epub,585265,,,R:\\0day\\eng14\\SFFEbook 150 Remaster\\heisy\\backup\\SFF Update 290-300\\v290-300\\Warhammer 40k\\Warhammer 40k - Titanicus # Dan Abnett.epub,,,,2014-11-17 10:57:44,2017-05-07 22:21:33
1180964,3824A319FB5139B278A26DAEE25700FF,The Second Omnibus,"McNeill, Graham",Warhammer 40k; Ultramarines,,English,2012,,0,,,,1180000/3824a319fb5139b278a26daee25700ff.jpg,epub,1493265,,,R:\\0day\\eng14\\SFFEbook 150 Remaster\\heisy\\backup\\SFF Update 290-300\\v290-300\\Warhammer 40k\\Warhammer 40k - Ultramarines - The Second Omnibus # Graham McNeill.epub,,,,2014-11-17 10:57:44,2017-05-07 22:21:33
1180965,0B7B82E7054345B4E97FBE87E46C5792,Nightbringer,"McNeill, Graham",Warhammer 40k; Ultramarines 1,,English,,Black Library,0,,,,1180000/0b7b82e7054345b4e97fbe87e46c5792.jpg,epub,558118,,,R:\\0day\\eng14\\SFFEbook 150 Remaster\\heisy\\backup\\SFF Update 290-300\\v290-300\\Warhammer 40k\\Warhammer 40k - Ultramarines 01 - Nightbringer # Graham McNeill.epub,,,,2014-11-17 10:57:44,2017-05-07 22:21:33
1180966,6A301EB0F6B1A784AEB01BA1283DD3F9,Warriors Of Ultramar,"McNeill, Graham",Warhammer 40k; Ultramarines 2,,English,,Black Library,0,9780857870605,,,1180000/6a301eb0f6b1a784aeb01ba1283dd3f9.jpg,epub,417411,,,R:\\0day\\eng14\\SFFEbook 150 Remaster\\heisy\\backup\\SFF Update 290-300\\v290-300\\Warhammer 40k\\Warhammer 40k - Ultramarines 02 - Warriors of Ultramar # Graham McNeill.epub,,,,2014-11-17 10:57:44,2017-05-07 22:21:33
1180967,2816CA1A01447163FDA74105E14580BF,Dead Sky Black Sun,"McNeill, Graham",Warhammer 40k; Ultramarines 3,,English,,Black Library,0,9780857870612,,,1180000/2816ca1a01447163fda74105e14580bf.jpg,epub,415760,,,R:\\0day\\eng14\\SFFEbook 150 Remaster\\heisy\\backup\\SFF Update 290-300\\v290-300\\Warhammer 40k\\Warhammer 40k - Ultramarines 03 - Dead Sky Black Sun # Graham McNeill.epub,,,,2014-11-17 10:57:44,2017-05-07 22:21:33
1180968,189999B7DEDD7489A98566DA0021AAE9,The Killing Ground,"McNeill, Graham",Warhammer 40k; Ultramarines 4,,English,,Black Library,0,,,,1180000/189999b7dedd7489a98566da0021aae9.jpg,epub,337547,,,R:\\0day\\eng14\\SFFEbook 150 Remaster\\heisy\\backup\\SFF Update 290-300\\v290-300\\Warhammer 40k\\Warhammer 40k - Ultramarines 04 - The Killing Ground # Graham McNeill.epub,,,,2014-11-17 10:57:44,2017-05-07 22:21:33
1180969,44513D4E80F197B682B6F99E50A49126,Courage And Honour,"McNeill, Graham",Warhammer 40k; Ultramarines 5,,English,,Black Library,0,,,,1180000/44513d4e80f197b682b6f99e50a49126.jpg,epub,606871,,,R:\\0day\\eng14\\SFFEbook 150 Remaster\\heisy\\backup\\SFF Update 290-300\\v290-300\\Warhammer 40k\\Warhammer 40k - Ultramarines 05 - Courage and Honour # Graham McNeill.epub,,,,2014-11-17 10:57:44,2017-05-07 22:21:33
1180970,5983F00E4D299B197DA32BC73F540D7B,The Chapter's Due,"McNeill, Graham",Warhammer 40k; Ultramarines 6,,English,,Black Library,0,,,,1180000/5983f00e4d299b197da32bc73f540d7b.jpg,epub,382176,,,R:\\0day\\eng14\\SFFEbook 150 Remaster\\heisy\\backup\\SFF Update 290-300\\v290-300\\Warhammer 40k\\Warhammer 40k - Ultramarines 06 - The Chapter's Due # Graham McNeill.epub,,,,2014-11-17 10:57:44,2017-05-07 22:21:33
1180971,C5B216F7B598867466C016855CC0C587,Dead Men's Rule,"Rogers, Wayne",,,English,2013,,0,,,,1180000/c5b216f7b598867466c016855cc0c587.jpg,epub,41857,,,R:\\0day\\eng14\\SFFEbook 150 Remaster\\heisy\\backup\\SFF Update 290-300\\v290-300\\Wayne Rogers\\Wayne Rogers - Dead Men's Rule.epub,,,,2014-11-17 10:57:44,2017-05-07 22:21:33
1180972,07FACEFD36E55A711019B46319FF7F93,Rituals for a New God,"Spencer, Wen",,,English,2013,,0,,,,1180000/07facefd36e55a711019b46319ff7f93.jpg,epub,10953,,,R:\\0day\\eng14\\SFFEbook 150 Remaster\\heisy\\backup\\SFF Update 290-300\\v290-300\\Wen Spencer\\Wen Spencer - Rituals for a New God.epub,,,,2014-11-17 10:57:44,2017-05-07 22:21:33
1180973,B52CA1B711BE6AE908202D77EC80BC45,Battle Lines,"Hill, Will",Department 19 3,,English,2013,HarperCollins Publishers,0,"9780007354511,9780007469550,9780007354528",,,1180000/b52ca1b711be6ae908202d77ec80bc45.jpg,epub,722070,,,R:\\0day\\eng14\\SFFEbook 150 Remaster\\heisy\\backup\\SFF Update 290-300\\v290-300\\Will Hill\\Will Hill - Department 19 03 - Battle Lines.epub,,,,2014-11-17 10:57:44,2017-05-07 22:21:33
1180974,456844686E49568DD3F3DEC5E83A18D2,Renegade's Honor,"Keith, William H",Renegade Legion,,English,1988,McGraw-Hill,0,,,,1180000/456844686e49568dd3f3dec5e83a18d2.jpg,epub,672967,,,R:\\0day\\eng14\\SFFEbook 150 Remaster\\heisy\\backup\\SFF Update 290-300\\v290-300\\William H. Keith\\William H. Keith - Renegade Legion - Renegade's Honor.epub,,,,2014-11-17 10:57:44,2017-05-07 22:21:33
1180975,E073C1057586FDBD24D5131B055A9D1D,Time Commander,"Benning, William J",First Admiral 3,,English,2013,Clockwork Quills,0,,,,1180000/e073c1057586fdbd24d5131b055a9d1d.jpg,epub,484050,,,R:\\0day\\eng14\\SFFEbook 150 Remaster\\heisy\\backup\\SFF Update 290-300\\v290-300\\William J. Benning\\William J. Benning - First Admiral 03 - Time Commander.epub,,,,2014-11-17 10:57:44,2017-05-07 22:21:33
1180976,3CDBC543F339598E517E2DFAFB7BB6CE,The Uninvited,"Johnstone, William W",Horror 9,,English,1988,Zebra,0,,,,1180000/3cdbc543f339598e517e2dfafb7bb6ce.jpg,epub,176256,,,R:\\0day\\eng14\\SFFEbook 150 Remaster\\heisy\\backup\\SFF Update 290-300\\v290-300\\William W. Johnstone\\William W. Johnstone - Horror 09 - The Uninvited.epub,,,,2014-11-17 10:57:44,2017-05-07 22:21:33
1180977,3FDCB08C7177567F9FA14E54F1BBC0E1,Bats,"Johnstone, William W",Horror 13,,English,1993,Zebra,0,,,,1180000/3fdcb08c7177567f9fa14e54f1bbc0e1.jpg,epub,219576,,,R:\\0day\\eng14\\SFFEbook 150 Remaster\\heisy\\backup\\SFF Update 290-300\\v290-300\\William W. Johnstone\\William W. Johnstone - Horror 13 - Bats.epub,,,,2014-11-17 10:57:44,2017-05-07 22:21:33
1180978,F9255402B3591C3FC12C06562C9B5EFA,"The Undeath of Rob Zombie (Cities of the Dead),","Young, William P",,,English,,William Young,0,,,,1180000/f9255402b3591c3fc12c06562c9b5efa.jpg,epub,114162,,,"R:\\0day\\eng14\\SFFEbook 150 Remaster\\heisy\\backup\\SFF Update 290-300\\v290-300\\William Young\\William Young - Undeath of Rob Zombie (Cities of the Dead), The.epub",,,,2014-11-17 10:57:44,2017-05-07 22:21:33
1180979,155B60BDD7A3E63532038C9F1674D669,The Toybox,"Cassada, Jackie",World of Darkness; Changeling; Immortal Eyes 1,,English,1995,White Wolf Publishing,0,,,,1180000/155b60bdd7a3e63532038c9f1674d669.jpg,epub,286348,,,R:\\0day\\eng14\\SFFEbook 150 Remaster\\heisy\\backup\\SFF Update 290-300\\v290-300\\World of Darkness\\World of Darkness - Changeling - Immortal Eyes 01 - The Toybox # Jackie Cassada.epub,,,,2014-11-17 10:57:44,2017-05-07 22:21:33
1180980,FF2D2B2B6B127B685EF33B3AF28CEC77,Shadows on the Hill,"Cassada, Jackie",World of Darkness; Changeling; Immortal Eyes 2,,English,2013,,0,,,,1180000/ff2d2b2b6b127b685ef33b3af28cec77.jpg,epub,251165,,,R:\\0day\\eng14\\SFFEbook 150 Remaster\\heisy\\backup\\SFF Update 290-300\\v290-300\\World of Darkness\\World of Darkness - Changeling - Immortal Eyes 02 - Shadows on the Hill # Jackie Cassada.epub,,,,2014-11-17 10:57:44,2017-05-07 22:21:33
1180981,D07E7BAF68B4236A50D88EE1182D30B6,Court of all Kings,"Cassada, Jackie",World of Darkness; Changeling; Immortal Eyes 3,,English,2013,,0,,,,1180000/d07e7baf68b4236a50d88ee1182d30b6.jpg,epub,293273,,,R:\\0day\\eng14\\SFFEbook 150 Remaster\\heisy\\backup\\SFF Update 290-300\\v290-300\\World of Darkness\\World of Darkness - Changeling - Immortal Eyes 03 - Court of all Kings # Jackie Cassada.epub,,,,2014-11-17 10:57:44,2017-05-07 22:21:33
1180982,78C8A44BF2BD05CF5E0CE54707D775C6,Lucifer's Shadow,,World of Darkness; Demon,,English,2013,,0,,,,1180000/78c8a44bf2bd05cf5e0ce54707d775c6.jpg,epub,4394643,,,R:\\0day\\eng14\\SFFEbook 150 Remaster\\heisy\\backup\\SFF Update 290-300\\v290-300\\World of Darkness\\World of Darkness - Demon - Lucifer's Shadow.epub,,,,2014-11-17 10:57:44,2017-05-07 22:21:33
1180983,5ABE112F308AE3A5A39B447D897B1570,Ashes and Angel Wings,,World of Darkness; Demon; The Fallen 1,,English,2013,,0,,,,1180000/5abe112f308ae3a5a39b447d897b1570.jpg,epub,4608079,,,R:\\0day\\eng14\\SFFEbook 150 Remaster\\heisy\\backup\\SFF Update 290-300\\v290-300\\World of Darkness\\World of Darkness - Demon - The Fallen 01 - Ashes and Angel Wings.epub,,,,2014-11-17 10:57:44,2017-05-07 22:21:33
1180984,A93992B47511DE690A32E7C565E4938F,The Seven Deadlies,,World of Darkness; Demon; The Fallen 2,,English,2013,,0,,,,1180000/a93992b47511de690a32e7c565e4938f.jpg,epub,3810642,,,R:\\0day\\eng14\\SFFEbook 150 Remaster\\heisy\\backup\\SFF Update 290-300\\v290-300\\World of Darkness\\World of Darkness - Demon - The Fallen 02 - The Seven Deadlies.epub,,,,2014-11-17 10:57:44,2017-05-07 22:21:33
1180985,8CE79EFED8E2227DFE9B8ECD129933EC,The Wreckage of Paradise,,World of Darkness; Demon; The Fallen 3,,English,2013,,0,,,,1180000/8ce79efed8e2227dfe9b8ecd129933ec.jpg,epub,2323588,,,R:\\0day\\eng14\\SFFEbook 150 Remaster\\heisy\\backup\\SFF Update 290-300\\v290-300\\World of Darkness\\World of Darkness - Demon - The Fallen 03 - The Wreckage of Paradise.epub,,,,2014-11-17 10:57:44,2017-05-07 22:21:33
1180986,B3AEEF42129BBFEF6EAD42F5231B66FE,Vampire,,World of Darkness; Hunter; Predator&Prey 1,,English,2013,,0,,,,1180000/b3aeef42129bbfef6ead42f5231b66fe.jpg,epub,2250777,,,R:\\0day\\eng14\\SFFEbook 150 Remaster\\heisy\\backup\\SFF Update 290-300\\v290-300\\World of Darkness\\World of Darkness - Hunter - Predator&Prey 01 - Vampire.epub,,,,2014-11-17 10:57:44,2017-05-07 22:21:33
1180987,43D7FB7B692EC22BBECA459FD3C2D6B1,Judge,,World of Darkness; Hunter; Predator&Prey 2,,English,2013,,0,,,,1180000/43d7fb7b692ec22bbeca459fd3c2d6b1.jpg,epub,2016531,,,R:\\0day\\eng14\\SFFEbook 150 Remaster\\heisy\\backup\\SFF Update 290-300\\v290-300\\World of Darkness\\World of Darkness - Hunter - Predator&Prey 02 - Judge.epub,,,,2014-11-17 10:57:44,2017-05-07 22:21:33
1180988,DCF72292103DBD5941F2CC2C287A3225,Werewolf,,World of Darkness; Hunter; Predator&Prey 3,,English,2013,,0,,,,1180000/dcf72292103dbd5941f2cc2c287a3225.jpg,epub,2064361,,,R:\\0day\\eng14\\SFFEbook 150 Remaster\\heisy\\backup\\SFF Update 290-300\\v290-300\\World of Darkness\\World of Darkness - Hunter - Predator&Prey 03 - Werewolf.epub,,,,2014-11-17 10:57:44,2017-05-07 22:21:33
1180989,6960AF589FE774469E6B55A59EFE2F85,Jury,,World of Darkness; Hunter; Predator&Prey 4,,English,2013,,0,,,,1180000/6960af589fe774469e6b55a59efe2f85.jpg,epub,1773079,,,R:\\0day\\eng14\\SFFEbook 150 Remaster\\heisy\\backup\\SFF Update 290-300\\v290-300\\World of Darkness\\World of Darkness - Hunter - Predator&Prey 04 - Jury.epub,,,,2014-11-17 10:57:44,2017-05-07 22:21:33
1180990,F102838921FCF4792E979F804A13A91A,Mage,,World of Darkness; Hunter; Predator&Prey 5,,English,2013,,0,,,,1180000/f102838921fcf4792e979f804a13a91a.jpg,epub,2420047,,,R:\\0day\\eng14\\SFFEbook 150 Remaster\\heisy\\backup\\SFF Update 290-300\\v290-300\\World of Darkness\\World of Darkness - Hunter - Predator&Prey 05 - Mage.epub,,,,2014-11-17 10:57:44,2017-05-07 22:21:33
1180991,8F10A7035D0E6E9B830CD54C6DD7D257,Executioner,,World of Darkness; Hunter; Predator&Prey 6,,English,2013,,0,,,,1180000/8f10a7035d0e6e9b830cd54c6dd7d257.jpg,epub,1679881,,,R:\\0day\\eng14\\SFFEbook 150 Remaster\\heisy\\backup\\SFF Update 290-300\\v290-300\\World of Darkness\\World of Darkness - Hunter - Predator&Prey 06 - Executioner.epub,,,,2014-11-17 10:57:44,2017-05-07 22:21:33
1180992,14A7529A2D075216546C6C3FBE12E0CF,Penny Dreadful,,World of Darkness; Mage,,English,2013,,0,,,,1180000/14a7529a2d075216546c6c3fbe12e0cf.jpg,epub,4277621,,,R:\\0day\\eng14\\SFFEbook 150 Remaster\\heisy\\backup\\SFF Update 290-300\\v290-300\\World of Darkness\\World of Darkness - Mage - Penny Dreadful.epub,,,,2014-11-17 10:57:44,2017-05-07 22:21:33
1180993,826366D99C419A264DE7DDD0103A2C7F,Such Pain,"Bassingthwaite, Don",World of Darkness; Mage,,English,,,0,,,,1180000/826366d99c419a264de7ddd0103a2c7f.jpg,epub,216967,,,R:\\0day\\eng14\\SFFEbook 150 Remaster\\heisy\\backup\\SFF Update 290-300\\v290-300\\World of Darkness\\World of Darkness - Mage - Such Pain # Don Bassingthwaite.epub,,,,2014-11-17 10:57:44,2017-05-07 22:21:33
